标题,价格,均价,房子大小,总面积,楼层,优点
东盛家园 全明边套 南北通透 户型方正 精装两室  拎包入住,148,26619元/m²,2室1厅,55m²,低层(共16层),南北通透
新上铭和苑 刚需2房 税费少 首付仅60万 有车位 随时看房,199,21727元/m²,2室2厅,91m²,中层(共12层),近地铁两房朝南配套成熟
东岸嘉园二区 精装刚需两房 全明户型 总价低 随时看房,158,26608元/m²,2室1厅,59m²,低层(共15层),配套成熟交通便利繁华地段
铭和苑 三房两听 全明户型 三开间朝南 有钥匙 连带车位一起,190,20747元/m²,3室2厅,91m²,中层(共14层),近地铁繁华地段品质小区
铭和苑 桂雨坊2房2厅1卫，价格可谈，无个税，无营业税！,188,21774元/m²,3室2厅,86m²,低层(共14层),近地铁安全性高繁华地段
锦湖家园 南北通透 双阳台 装修清爽 刚需两房 龙湖天街旁,192,32107元/m²,2室1厅,59m²,中层(共16层),近地铁环境优美交通便利
新上东岸嘉园 首付3成 月供还贷7500 精装小户型 急卖！,185,31250元/m²,2室1厅,59m²,中层(共17层),南北通透
不限购住宅 包租4000 大江东产业园区 易租售 投姿必选,80,8164元/m²,3室2厅,97m²,中层(共12层),南北通透环境优美
首付15万，产证齐全，无需社保，70年精装住宅，包税，可落户,49,10426元/m²,3室2厅,47m²,中层(共17层),配套成熟环境优美交通便利
铭和苑柳翠坊 新出采光好 低首付很抢手三房 房东诚卖随时看房,199,21730元/m²,3室2厅,91m²,中层(共11层),近地铁主卧朝南位置安静
可议价20万|外地人上学|产证齐全送车位|无税精装|品质小区,102,11475元/m²,3室2厅,88m²,中层(共12层),南北通透一梯两户交通便利
（刚需客的福音）首付81w，可赠随时看房，假一赔十，送阳台！,47.8,11381元/m²,3室2厅,42m²,中层(共15层),配套成熟安全性高繁华地段
保利像素全新小区精装小三房，家具家电全送，楼下坐地铁！诚心卖,160,18049元/m²,3室2厅,88m²,中层(共16层),南北通透
世茂江滨花园一期碧景湾，全新豪装三房，家具家电送，！,202,22565元/m²,3室2厅,89m²,中层(共13层),南北通透
看房可议价3万！学源街小户型住宅出售，带装修送家电，支持按揭,83,14485元/m²,2室2厅,57m²,中层(共12层),南北通透配套成熟环境优美
大江东地铁口旁精装住宅拎包入住87方送超大阳台可落户,153,17388元/m²,2室1厅,87m²,低层(共6层),近地铁
刚需必买，首付12万起，产证齐全，送精装修带车位，房东包税！,48.2,10255元/m²,2室2厅,47m²,中层(共16层),近地铁次新小区品质小区
"总价58万,地铁口300米，不限购，可落户可上学，精装两房。",68,16190元/m²,2室2厅,42m²,中层(共12层),近地铁繁华地段品质小区
首付8万，精装送车位，70年产权，无需社保，可落户,46,10384元/m²,2室2厅,44m²,中层(共13层),近地铁南北通透环境优美
遇见好房一生吼，该出手时就出手！无需社保，可落户，精装送家电,45.4,10297元/m²,2室2厅,44m²,中层(共15层),近地铁繁华地段品质小区
70年产权，满五惟一，房东包税，产齐全可落户，业主亲自委托,48.6,10800元/m²,2室2厅,45m²,中层(共16层),南北通透配套成熟环境优美
首付15万 民用水电，产证齐全，外地人可买，可上学，精装修,48,12000元/m²,2室2厅,40m²,中层(共15层),近地铁繁华地段品质小区
外地可购 首付15万 急急急 来电优惠2万 不限购不限贷,68,13333元/m²,2室2厅,51m²,中层(共16层),配套成熟交通便利品质小区
直降13万，包租4千5，民用水电，租住均可，家具电器齐全无税,48,10667元/m²,2室2厅,45m²,中层(共15层),近地铁繁华地段品质小区
精装小两房70年产权不限购 首付8万 商业配套完善可落户无税,39,8667元/m²,2室2厅,45m²,中层(共15层),配套成熟交通便利繁华地段
钱塘新区金沙湖板块，首付15万，70年住宅 买房即可落户,62,15500元/m²,2室2厅,40m²,中层(共15层),近地铁配套成熟繁华地段
名校环绕，首付10万，70年产权住宅，无需社保不限购拎包入住,45,9000元/m²,2室2厅,50m²,中层(共15层),独立电梯近地铁品质小区
温馨精装小两房，可拎包入住,160,28777元/m²,2室1厅,55m²,低层(共16层),南北通透
文泽路地铁口 复式精装修一手公寓 层高4.89米 繁华地段！,100,17241元/m²,2室2厅,58m²,中层(共14层),近地铁繁华地段品质小区
精装两房 不限购 可落户 送精装修家电齐全 即买即租 送车位,60,13333元/m²,2室2厅,45m²,中层(共16层),近地铁配套成熟繁华地段
抛 新出房源精装修，南北通透，全明户型采光好 产齐全送车位,75,13393元/m²,2室1厅,56m²,低层(共16层),南北通透近地铁环境优美
抢！白菜价！首付3成，产证清晰可过户，地铁口200米，,67.5,7652元/m²,2室2厅,88m²,中层(共15层),带车库近地铁素质住户
铭和苑 新出自住精装修全南户型大两房 全明采光全通透户型诚售,200,22548元/m²,2室2厅,88m²,中层(共16层),近地铁配套成熟品质小区
学林中学对面 电梯中层 周正毛坯三房 价格便宜 可自主装修,185,23122元/m²,3室1厅,80m²,中层(共11层),近地铁两房朝南配套成熟
文泽路地铁口 复式精装修一手公寓 层高4.89米 繁华地段！,100,17241元/m²,2室2厅,58m²,中层(共14层),南北通透小区中心环境优美
东部之星 下沙文泽文海双地铁口 全杭地铁口低单价 准现房,100,17241元/m²,2室2厅,58m²,中层(共14层),南北通透
东盛家园，新上房源，精装两室两厅，户型方正，房东上门，诚心卖,130,23369元/m²,2室1厅,55m²,低层(共16层),独立电梯一梯两户品质小区
急售！外地人可买，首付15万，精装无税，临近地铁口，五证齐全,41.8,9289元/m²,2室1厅,45m²,中层(共13层),送车位近地铁配套成熟
诚售！可落户！首付13万赠家电具！地铁口！教育配套齐全！,45,9000元/m²,3室2厅,50m²,中层(共14层),近地铁近学校南北通透
新出好房底价，外地可买，首付20w，送阳台，南北通透，近地铁,75,16667元/m²,2室2厅,45m²,低层(共16层),
首付仅3成，精装全配，南北通透，可上学，附加车位，外地人可买,68,7709元/m²,3室2厅,88m²,中层(共15层),近地铁配套成熟次新小区
火 急售丨高品质花园洋房丨外地人可买丨对口学校丨豪华装修送车,77,8750元/m²,3室2厅,88m²,中层(共14层),近地铁交通便利繁华地段
产证齐全，户型端正，地铁就在旁边。复古型住宅，生活配套齐全,95,10556元/m²,3室2厅,90m²,共3层,
钱塘新区！地铁口500米 租金4000起 外地可买可过户,50,10000元/m²,1室1厅,50m²,中层(共12层),南北通透配套成熟环境优美
火 急售丨高品质花园洋房丨外地人可买丨对口学校丨豪华装修送车,77,8750元/m²,3室2厅,88m²,中层(共14层),
外地人无需社保可买，产齐全，无税精装修，南北通透，送车位！,94,19583元/m²,3室2厅,48m²,高层(共8层),南北通透环境优美
近地铁，精装两房，不限购，可落户，对口名校，拎包入住！！,85,9796元/m²,2室2厅,86m²,低层(共12层),拎包入住配套成熟交通便利
铭和苑 精装修 两室两厅 南北通透 全明户型 采光好 无遮挡,190,21088元/m²,2室2厅,90m²,高层(共11层),近地铁南北通透配套成熟
铭和苑 边套户型 南北通透 交通便利 配套成熟 业主急售,189,21436元/m²,2室2厅,88m²,高层(共10层),近地铁配套成熟交通便利
铭和苑 探梅坊精装三房 全明户型 多房朝南 户型方正 可看房,187,20908元/m²,3室2厅,89m²,中层(共18层),拎包入住
新挂牌！新挂牌！首付21万！不限购！送车位！急卖急卖包税费！,68,14468元/m²,2室2厅,47m²,中层(共15层),近地铁配套成熟品质小区
"精装12万全送,满2,价格可谈,租金5000地铁口500米",75,14395元/m²,2室2厅,52m²,中层(共16层),南北通透小户型近地铁
保利开发商预留一手现房，精准交付，买房就可以入住，送一个车位,185,20650元/m²,3室2厅,89m²,低层(共33层),新房房源南北通透繁华地段
房主因生意急转，品牌家电全不要了，价低质优，南北通透拎包入住,80,8602元/m²,3室2厅,93m²,低层(共10层),带花园送车位房型正
保利像素小户型，刚需两房，低楼层，双阳台，全新装修，价格能谈,155,22108元/m²,2室2厅,70m²,低层(共16层),南北通透
金沙家园 新出小两房 清爽装修拎包入住 户型方正,180,30623元/m²,2室1厅,58m²,低层(共9层),安全性高繁华地段品质小区
铭和苑 新上边套 自主精装 边套南北通透 看房方便 诚心出售,198,22822元/m²,3室1厅,86m²,高层(共16层),近地铁繁华地段品质小区
央企现房，保利像素，精装，三房两位，楼层中间，位置小区中间。,192,21429元/m²,3室2厅,89m²,低层(共28层),新房房源南北通透安全性高
金沙湖板块地铁口上盖湖畔中心 精装现房公寓金沙湖景房 落地窗,140,26923元/m²,2室2厅,52m²,中层(共10层),南北通透
金沙湖畔 铭和苑 全明大两 房置换市区 地铁口 地段,197,21865元/m²,2室2厅,90m²,低层(共18层),近地铁南北通透
标题,价格,均价,房子大小,总面积,楼层,优点
瓯江大厦 租金3600 全明2房 前后无遮挡 家电家具全送,55.2,11040元/m²,2室1厅,50m²,中层(共17层),南北通透配套成熟环境优美
（急售包税）首付13万！高租金！带包租！送精装带车位！不限购,35.9,8975元/m²,2室2厅,40m²,中层(共12层),送车位拎包入住近地铁
保利像素全新装修大两房，高楼层，新小区，满两年，价格能谈很多,158,26830元/m²,2室2厅,58m²,高层(共15层),南北通透
高沙路地铁口800米 精装修两房 低总价低首付，房东诚心出售,145,25569元/m²,2室1厅,56m²,中层(共17层),近地铁南北通透
投姿手选金沙居外地可买即送15万精装修包租5千配套齐全急售！,51.6,11344元/m²,2室2厅,45m²,中层(共12层),双阳台近地铁环境优美
金沙家园温馨小两房 低总价 刚需小夫妻必选 双地铁口 急售！,180,31147元/m²,2室1厅,57m²,低层(共18层),配套成熟繁华地段品质小区
首付20万，无需社保，精装修，送家具家电，稀有好房，全明户型,55,12190元/m²,2室2厅,45m²,中层(共16层),近地铁配套成熟繁华地段
龙湖滟澜山 精装修两房 拎包入住看房方便 到价可谈 诚心出售,188,31349元/m²,2室2厅,59m²,低层(共22层),
钱塘新区新出好房 精装修房东包税 产证齐全近地铁拎包即可入住,50,10638元/m²,2室2厅,47m²,中层(共15层),南北通透配套成熟品质小区
产权70年住宅  房主急售  精装修  买到就是赚到,86,11169元/m²,3室2厅,77m²,中层(共14层),近地铁近学校配套成熟
琅琴湾 地铁口 湖景房 一梯一户  195万满2年,195,22109元/m²,3室2厅,88m²,低层(共32层),
无需税费|独立产权|包租4K|拎包入住|豪华装送家电|送车位,50,8929元/m²,4室2厅,56m²,中层(共10层),近地铁配套成熟繁华地段
清爽装修 看房方便 标准两房 拎包入住,195,23780元/m²,2室2厅,82m²,低层(共33层),
龙湖澜轩 地铁口200米 龙湖天街旁 精装小户型刚需拎包入住,199,33183元/m²,1室1厅,59m²,低层(共23层),小户型拎包入住近地铁
急卖！首付12万！赠送14万精装修！房东包税！外地人可买！,36.5,8690元/m²,3室2厅,42m²,高层(共8层),近地铁繁华地段品质小区
铭和苑 2房2厅 配套成熟 天街 诚心价可谈,185,20810元/m²,2室2厅,88m²,低层(共18层),近地铁南北通透
钱塘新区 宋都丽郡国际 186万 带车位    随时看房,186,20899元/m²,3室2厅,89m²,低层(共18层),
钱塘新区地铁口，宋都丽郡，南北通透，夹边套送车位195万,195,21910元/m²,3室2厅,89m²,低层(共18层),
近地铁 挑高5.2米，赠送12平，精装修可拎包入住外地人可买,39,9512元/m²,2室1厅,41m²,低层(共16层),南北通透小户型环境优美
大学城旁 4000包租 以租养贷 价格可面议,88.5,13015元/m²,3室2厅,68m²,低层(共12层),南北通透环境优美
铭和苑 低总价大两房 配套成熟 交通便利 业主置换 诚售,189,22468元/m²,3室1厅,84m²,低层(共18层),配套成熟交通便利品质小区
星悦湾  大四房 精装修送车位满两年 218万 诚心出售！,218,16131元/m²,4室2厅,135m²,低层(共15层),近地铁配套成熟品质小区
外地老乡找我房子直接九折算，希望你先不要点其他的房源。谢谢,65,7738元/m²,3室2厅,84m²,低层(共8层),
杭州碧桂园。精装三房。。房东诚售。五星物业。好房诚售,195,21888元/m²,3室2厅,89m²,低层(共34层),南北通透配套成熟品质小区
"世茂地铁口，新出89方精装,房东诚心出售,家电家具全送",190,21394元/m²,3室2厅,88m²,低层(共30层),南北通透
急售！！东岸家园  东边套  精装修 可直接拎包入住,180,31524元/m²,1室2厅,57m²,高层(共16层),近地铁配套成熟品质小区
河庄地铁口 大江之星三房仅售190万 房东急售!,190,21591元/m²,3室2厅,88m²,低层(共23层),近地铁交通便利繁华地段
智格豪城 房东急售！70年产权 首付10万！赠15平精装房！,48,10667元/m²,3室2厅,45m²,中层(共11层),近地铁欧式风繁华地段
地铁口 江东府 190万 带车位 户型方正 毛坯随意设计,190,23205元/m²,3室2厅,81m²,低层(共18层),
地铁口200米，外地可买，可落户上学，送产权车位租金4500,49,8305元/m²,3室2厅,59m²,中层(共10层),南北通透近地铁繁华地段
东岸嘉园 精装一房 适合居住出租 楼层好 采光好 装修清新,190,33275元/m²,1室2厅,57m²,高层(共17层),配套成熟繁华地段品质小区
元成时代LOFT  精装，即可拎包入住，诚心出售，价格可谈,75,17442元/m²,2室2厅,43m²,共1层,南北通透
一手公寓准现房 下沙文泽文海双地铁口  大学城附近 高校林立,117.6,14169元/m²,3室2厅,83m²,低层(共11层),新房房源南北通透
保利东湾 钱塘江景 自住精装 交通便利 价格可谈 看房随时,185,20622元/m²,2室2厅,89m²,低层(共34层),客厅朝南安全性高品质小区
新出房源 湾南金沙湖 精装修两室一厅 全明户型 采光好无遮挡,145,25935元/m²,2室1厅,55m²,低层(共26层),南北通透配套成熟品质小区
铭和苑楼层，南北通透，清爽的装修可以直接拎包入住，诚心卖,199,23659元/m²,2室2厅,84m²,低层(共20层),南北通透
好房出售 地铁口精装两房 送家具家电 可落户可上学 随时看房,39.1,9775元/m²,2室2厅,40m²,高层(共11层),近地铁繁华地段品质小区
下沙西地铁口500米！70年产权！外地人可买！不用社保买！售,47.6,9917元/m²,2室2厅,48m²,高层(共10层),拎包入住近地铁繁华地段
"产齐全,南北通透,高品质,送车位,不限购,租金4千,通燃气",52,10000元/m²,2室2厅,52m²,高层(共8层),南北通透素质住户安全性高
下沙精装修|高沙湖地铁口|首付14万|外地可买落户|无需社保,48,12000元/m²,2室2厅,40m²,低层(共10层),配套成熟交通便利品质小区
品质小区 地铁口旁 采光优良 户型正气 交通便捷 江滨高新,185,21068元/m²,2室2厅,87m²,低层(共33层),近地铁繁华地段品质小区
满五无税 外地人可购 无需社保 不限贷不限购 随时拎包入住,80,8889元/m²,3室2厅,90m²,中层(共6层),配套成熟交通便利繁华地段
不限购住宅 包租4000 大江东产业园区 易租售 投姿必选,80,8164元/m²,3室2厅,97m²,高层(共12层),南北通透环境优美品质小区
离婚急抛产证齐全无抵押|低首付|可落户上学|配套成熟|钥匙房,56,13023元/m²,2室1厅,43m²,高层(共7层),南北通透繁华地段品质小区
近德胜快速路有地铁，全杭州畅通，外地人无需社保，精装带车位！,47,10000元/m²,2室2厅,47m²,中层(共8层),近地铁配套成熟品质小区
七格小区  首付18万  税费全包  总价低房东诚心出售,60,13953元/m²,2室1厅,43m²,中层(共10层),配套成熟繁华地段品质小区
"东岸家园 三区 刚需小两房, 业主诚心卖 中间楼层  近地铁",183,30912元/m²,2室1厅,59m²,中层(共17层),近地铁配套成熟交通便利
房东直降100000 70年产权带车位 外地人可买 赠15平,75,14423元/m²,2室2厅,52m²,中层(共6层),近地铁安全性高品质小区
70年产权 赠送22平 南北通透全明户型 对口学校可上学,78,17333元/m²,2室2厅,45m²,中层(共8层),南北通透小户型环境优美
2017年婚房装修  改好2室2厅 南北通透 东园小學近地铁,68,11894元/m²,2室2厅,57m²,中层(共10层),南北通透环境优美素质住户
铭和苑 精致三房 交通便利 刚需必买 配套成熟 业主诚售,215,25544元/m²,3室2厅,84m²,高层(共11层),配套成熟交通便利品质小区
大都文苑风情 精装修 多层 2室2厅1卫 房东自住保养好,220,23504元/m²,2室2厅,93m²,中层(共6层),近地铁近学校繁华地段
金沙湖CBD 地铁口 湖畔中 心 一线湖景房 现房精装修一手,120,21661元/m²,1室1厅,55m²,低层(共10层),南北通透
包税丨无需社保丨可落户上学丨70年产权住宅丨三证齐全丨可过户,75.5,10634元/m²,3室2厅,71m²,中层(共15层),南北通透繁华地段品质小区
急售！一万抵三万，70年产权住宅，外地人可买，可落户上学,53,8833元/m²,3室2厅,60m²,中层(共15层),南北通透配套成熟交通便利
真实在售|看房首付力减35800，当天下定总价再减5万！来电,75.3,9869元/m²,3室2厅,76m²,中层(共15层),南北通透环境优美
70年纯住宅，保真，社保可解决可落户，送家电家具，含产权车位,71,10143元/m²,3室2厅,70m²,中层(共12层),近地铁配套成熟环境优美
湖畔中心 优惠折扣找我 精装一手一线金沙湖景房 大落地窗,129.6,23394元/m²,1室1厅,55m²,低层(共10层),南北通透近地铁繁华地段
下沙银泰，中豪七格精装修，跃层江景视野好，两室一厅，拎包入住,82,18760元/m²,2室1厅,43m²,低层(共23层),两房朝南小区中心位置安静
急!70年产权住宅丨南北通透丨配套成熟丨交通便利丨外地人可买,90.7,10875元/m²,2室2厅,83m²,低层(共18层),南北通透
标题,价格,均价,房子大小,总面积,楼层,优点
买房即可落户上学 送家具家电 精装修 交通便利 全天采光,70,10606元/m²,3室2厅,66m²,低层(共15层),次新小区交通便利素质住户
急售~智格豪城 精装小三房花园小区 购物方便 拎包入住,78.8,10332元/m²,3室2厅,76m²,低层(共16层),近地铁交通便利素质住户
盛泰名都公寓 3房 隶属文海 周边配套齐全 近文泽站,302,23195元/m²,3室2厅,130m²,低层(共17层),近地铁南北通透
网红房源 首付12万拎包入住 1号线地铁沿线 精装修送车位！,78,16596元/m²,2室2厅,47m²,高层(共10层),近地铁配套成熟品质小区
房东降价20万出售  外地人可落户 首付可10万 精装地铁口,69,15333元/m²,2室2厅,45m²,高层(共10层),近地铁配套成熟品质小区
观澜时代云邸 9月特价 正气大三房  精装别致 双阳台 真爱,235,26665元/m²,3室2厅,88m²,低层(共43层),一梯两户房型正环境优美
龙湖三期新出边套三房 南北通透 出门就是天街D铁口交通便利,360,41623元/m²,3室2厅,86m²,低层(共26层),近地铁交通便利繁华地段
景冉佳园，文海教育，南北通透，未用学籍，满五诚心出售,240,28961元/m²,3室2厅,82m²,低层(共30层),近地铁南北通透
湖畔中心 优惠折扣找我 精装一手一线金沙湖景房 大落地窗,140,19886元/m²,2室2厅,70m²,中层(共10层),南北通透环境优美
70年产权 房东赠送17平 南北通透全明户型 对口学校可上学,65.5,18194元/m²,2室2厅,36m²,中层(共12层),近地铁送车位品质小区
龙湖滟澜园3房2厅1卫，精装修30万全送，带车位，房东诚售！,288,33299元/m²,3室2厅,86m²,低层(共26层),近地铁主卧朝南客厅朝南
送超长入户花园！！！南北通透，精装修三房，直接拎包入住！！,230,24447元/m²,3室2厅,94m²,低层(共29层),拎包入住环境优美品质小区
好房出售！！精装修三房，直接拎包入住！！,230,26292元/m²,3室2厅,87m²,低层(共29层),双阳台拎包入住配套成熟
（南北通透！租金3千2！）精装70年产权住宅！送车位！可过户,57,9194元/m²,2室2厅,62m²,中层(共12层),近地铁近学校配套成熟
劲爆！赠送25平！首付仅需8万！送家电车位！无需社保外地可买,25,16667元/m²,2室2厅,15m²,中层(共12层),近地铁繁华地段品质小区
百店华邦实见好房保利神户型 精装3房2卫 采光佳急售,238,26217元/m²,3室2厅,90m²,低层(共35层),配套成熟交通便利品质小区
泰美国际 精装修loft 下沙西地铁口旁 诚心出售 随时看房,153,19125元/m²,1室1厅,80m²,低层(共22层),
三证齐全，赠送15平可拓展面积，租金4千起，送车位，通燃气,16,10667元/m²,2室1厅,15m²,中层(共12层),近地铁素质住户安全性高
保利东湾精装3房，景观房 全明户型 南北通透，一线江景房急售,225,24785元/m²,3室2厅,90m²,低层(共34层),小区中心配套成熟品质小区
| 品质小区|配套成熟|可落户上学|无税精装|送车位,54,15429元/m²,2室1厅,35m²,中层(共17层),南北通透小户型环境优美
全新装修15万，房东定好房子，急售，随时看房！送家具送车库,61,10893元/m²,3室2厅,56m²,低层(共23层),南北通透环境优美品质小区
地铁口800米 精装修全送 配套齐全 拎包入住 送车位,65,10000元/m²,2室2厅,65m²,中层(共16层),近地铁近学校
业主置换出售，精装修40万，边套户型南北通透，环境优美，可谈,218,21685元/m²,2室2厅,100m²,中层(共14层),近地铁主卧朝南送家电
可用公积金，无税，独立产证过户，送车位，通燃气，复式精装,30,15000元/m²,2室1厅,20m²,中层(共12层),素质住户安全性高繁华地段
70年产权落户杭州，独立产证，民用水电，可用公积金，可上学,21,14000元/m²,2室1厅,15m²,中层(共15层),素质住户安全性高繁华地段
70年产权 产证清晰 拎包入住 精装两房 以租养贷 包租四千,61,9385元/m²,2室2厅,65m²,中层(共16层),
首付18万 独立产权 家电家具全配 送车位 无稅 随时看房！,73,9633元/m²,2室2厅,75m²,中层(共12层),近地铁繁华地段品质小区
钱塘新区金沙湖板块，首付15万，70年住宅 买房即可落户,34,10303元/m²,2室2厅,33m²,低层(共14层),田园风近地铁繁华地段
宋都东郡国际 精装修大三房 好楼层 户型方正 采光无遮挡,230,26741元/m²,3室2厅,86m²,低层(共33层),南北通透
70年产权 送精装修 送车位 无需社保 不限购 首付三成,48,15000元/m²,2室2厅,32m²,中层(共12层),交通便利繁华地段品质小区
保利像素 东边套 精装修三房 新出房源 低于市场价20万,178,20000元/m²,3室2厅,89m²,低层(共34层),南北通透
碧桂园 新上房源 三室两厅一卫 自住精装修 有钥匙随时看房,235,26366元/m²,3室2厅,89m²,低层(共32层),
下沙 文泽地铁口 一手 精装修公寓 现房 即买即交付 随时看,89,15162元/m²,2室2厅,58m²,中层(共18层),新房房源南北通透
外地人可买！急售！包税!地铁口！70年产权！送家具，送车位,59.6,14900元/m²,3室2厅,40m²,中层(共15层),近地铁交通便利繁华地段
投兹，租户大多属白领人群，租金3500以租养贷还能赚.,71,8049元/m²,2室2厅,88m²,中层(共8层),近地铁配套成熟环境优美
特价房源，首付低，楼层好，送车位，紧邻杭州下沙旁边的小区！,52,10612元/m²,3室2厅,49m²,低层(共38层),近地铁带飘窗位置安静
70年产权住宅， 满五唯一产证齐全放心购！ 送精装带车位！,59,13721元/m²,3室2厅,43m²,低层(共18层),带泳池品质小区
8月下旬特推|看房首付力减35800，当天下定总价再减5万！,75,8691元/m²,3室2厅,86m²,中层(共15层),近地铁配套成熟品质小区
房东含泪急抛！70年产权无税，外地买三证齐全！可落户学校环绕,41,8200元/m²,3室2厅,50m²,高层(共13层),拎包入住交通便利繁华地段
"(小两口离婚)一天都不愿意等,便于财产分割,超低圿出售！急！",48.9,11372元/m²,3室2厅,43m²,中层(共16层),安全性高繁华地段品质小区
地铁口700米 首付3成 低密小高层 户型格局方正采光面积广,62,10333元/m²,3室2厅,60m²,中层(共16层),南北通透配套成熟素质住户
急抛！外地人可买！可贷款按揭！豪华装送家具家电！低于市场出售,75,10563元/m²,3室2厅,71m²,中层(共12层),近地铁南北通透环境优美
包税 外地人可买 可落户 产证清晰 精装修送家电 不限购！,55,9821元/m²,3室2厅,56m²,高层(共15层),小区中心靠近花园近地铁
70年产权 产清晰 拎包入住 精装两房 以租养贷 包租四千,57,7600元/m²,2室2厅,75m²,低层(共15层),近地铁配套成熟品质小区
降价急售 70年精装修大3房 带车位 外地人可买 落户上学,72.5,8236元/m²,3室2厅,88m²,中层(共17层),近地铁配套成熟繁华地段
世茂江滨花园 三房东边套一线江景 双阳台 户型正气 房东诚售,204,23046元/m²,3室2厅,88m²,中层(共17层),南北通透
峻景湾 新上双阳台两房秒杀房！精装修25万空置 随时可看 急,210,23899元/m²,2室2厅,87m²,低层(共33层),近地铁欧式风拎包入住
龙湖滟澜山 地铁旁 精装跃层两房 毗邻天街 拎包入住 诚售,299,36615元/m²,2室2厅,81m²,低层(共24层),近地铁配套成熟品质小区
龙湖精装小两房边套 满两年家电全送 看房方便价格可谈,96,20426元/m²,1室1厅,47m²,低层(共42层),南北通透
世茂江滨花园精装修两房 双阳台 户型方正  房东诚心出售,220,25037元/m²,2室2厅,87m²,低层(共33层),近地铁南北通透
70年产权 价格可议 精装住宅 包租四千 以租养贷 车位赠送,72,8162元/m²,2室2厅,88m²,中层(共18层),南北通透环境优美
铭和苑新荷坊 自住精装修 新出温馨两房 三开间朝南 家装全送,200,22545元/m²,2室2厅,88m²,中层(共18层),南北通透环境优美
东海柠檬郡！好房！精装60万！进口家具家电全送！方便看房,220,24972元/m²,2室2厅,88m²,低层(共29层),近地铁南北通透
70年产权 价格可议 精装住宅 包租四千 以租养贷 车位赠送,72,8162元/m²,2室2厅,88m²,中层(共18层),南北通透配套成熟繁华地段
精装复式公寓挑高5.6米 首付20万 独立产证 随时过户,64,12237元/m²,2室1厅,52m²,低层(共6层),南北通透送车位环境优美
首付仅3成，精装全配，南北通透，可上学，附加车位，外地人可买,70,7936元/m²,2室2厅,88m²,中层(共18层),近地铁配套成熟品质小区
海天城 大两房 客厅主卧双阳台 全朝南 精装,225,26798元/m²,2室2厅,83m²,低层(共24层),近地铁
此房低于市场价格 自住精装温馨小户型 采光好房东诚心卖,120,21602元/m²,2室1厅,55m²,低层(共18层),近地铁配套成熟素质住户
龙湖澜轩 高品质住宅 精装修 房东诚售 随时看房！！,248,27793元/m²,2室2厅,89m²,低层(共22层),南北通透
龙湖滟澜山高端品质房 户型方正 南北通透 多房朝南,315,35302元/m²,2室2厅,89m²,低层(共22层),素质住户安全性高品质小区
标题,价格,均价,房子大小,总面积,楼层,优点
大都文苑风情 跃层 精装修 带车位 文泽路300米 业主诚售,298,29365元/m²,4室3厅,101m²,高层(共6层),近地铁近学校繁华地段
铭都雅苑 精装2室 满5年税费少 首付60万 有车位随时看房,169.5,28753元/m²,2室1厅,58m²,低层(共18层),近地铁
临近地铁，天街商圈，位置优越，交通便利，小区内配套设施成熟。,319,35674元/m²,2室2厅,89m²,低层(共24层),南北通透
降价急售.首付一成.可落户上学.外地人可买.产证齐全.精装修,46,10698元/m²,2室2厅,43m²,中层(共6层),近地铁配套成熟繁华地段
精装自住 装修简单清爽 采光还是可以的 朝南 看房方便,89,17800元/m²,2室2厅,50m²,低层(共22层),配套成熟繁华地段品质小区
柠檬郡纯毛坯三房，免去拆房烦恼，三开间朝南，有需求速度来。,269,30022元/m²,3室2厅,89m²,低层(共31层),近地铁南北通透
城市果岭 超奈斯户型！！东边套 三个阳台 毛坯自主装修,215,24833元/m²,3室2厅,86m²,低层(共32层),南北通透配套成熟交通便利
忍痛割爱儿子结婚丈母娘要求换大三房 房东置换急售精装修两房,50.5,10931元/m²,2室2厅,46m²,中层(共17层),送车位拎包入住品质小区
龙湖滟澜山 两房朝南 全明户型 交通便利 配套成熟 业主诚售,265,34300元/m²,2室2厅,77m²,中层(共13层),配套成熟交通便利品质小区
劲爆急售！直降8万！包租5千！可上学！无需社保！送家电车位！,35,8537元/m²,2室2厅,41m²,高层(共12层),近地铁繁华地段品质小区
新出房源，，总价低，近地铁，两房面积多，随时看房,213,25725元/m²,2室2厅,82m²,低层(共31层),近地铁南北通透
无税丨外地人可买丨赠送大阳台（豪华装修送车位丨首付三成）价可,74,8315元/m²,3室2厅,89m²,中层(共19层),南北通透交通便利品质小区
新出好房 江语海标准三房两卫户型 文海教育 低于市场价30万,320,35838元/m²,3室2厅,89m²,低层(共33层),近地铁南北通透
70年产权住宅，产证齐全，外地人可买，可落户上学，随时看房！,50.6,11233元/m²,2室2厅,45m²,中层(共17层),南北通透送车位品质小区
房东包税，精装LOFT，挑高5.2米，租金4千起，交通便利。,55,11000元/m²,1室1厅,50m²,低层(共28层),指纹入户采光好近地铁
70年产权  精装修 送车位 无需社保 不限购  外地人可买,42,9767元/m²,2室2厅,43m²,高层(共16层),近地铁配套成熟繁华地段
地铁口 大江之星  86方 三房 双阳台 客厅朝南 随时看房,178,20000元/m²,3室2厅,89m²,低层(共23层),南北通透环境优美
碧桂园 业主置换急售 送20万自住精装修 看房方便 看中可谈,178,21589元/m²,2室1厅,82m²,低层(共32层),拎包入住
近云水地铁精装修 首付15万 外地人可买 产证清晰 对口学校,53,8833元/m²,2室2厅,60m²,中层(共12层),送车位近地铁配套成熟
东裕华庭，A5三房带装修115万，楼层好！可签约,115,12851元/m²,3室2厅,89m²,低层(共30层),
东岸嘉园 自住精装东端头大两房 全明采光全通透户型 诚意出售,168,28378元/m²,2室2厅,59m²,中层(共15层),近地铁交通便利繁华地段
江干区）外地人可买）近地铁）精装修）可租4500）家电全送）,90,13235元/m²,2室2厅,68m²,共1层,近地铁配套成熟环境优美
70年产权精装修住宅房 可落户可自住 首付3成送家具家电车位,60,15000元/m²,2室2厅,40m²,高层(共17层),南北通透送车位环境优美
双地铁德信大江源著 89方送车位200万 8楼 急售!,200,22472元/m²,3室2厅,89m²,中层(共18层),近地铁交通便利繁华地段
实价！地铁口现房，地铁0距离，三开间朝南 ，大三房,173,19908元/m²,3室1厅,86m²,低层(共23层),
地铁口 宋都丽郡国际 203万 中间楼层 带车位 户型方正,203,22809元/m²,3室2厅,89m²,低层(共18层),
（此房只需首付15万即可）70年产权，不限购，可按揭，可议价,46.4,8396元/m²,2室2厅,55m²,高层(共16层),近地铁配套成熟繁华地段
低于市场价25万 纯东边套 首付68万 精装25万 房东诚售,218,25029元/m²,2室2厅,87m²,高层(共14层),近地铁南北通透
江东府 175万  82方送23方  品质小区 义蓬政府旁,175,21292元/m²,3室2厅,82m²,低层(共18层),近地铁配套成熟繁华地段
新上！满五 只有契税 业主已经看中房子 低于市场价25万,104,14444元/m²,2室2厅,72m²,低层(共16层),
世茂江滨花园！纯毛坯房！精典小三房！装修自由搭配！随时看房！,200,22396元/m²,3室2厅,89m²,低层(共33层),近地铁客厅朝南三房朝南
湖畔  精装准现房公寓 一线金沙湖景房 大落地窗 地铁旁,110,19856元/m²,1室1厅,55m²,中层(共10层),南北通透
滨江大江之星 楼下就是地铁口 三房两卫 诚心出售！,178,20460元/m²,3室2厅,87m²,低层(共23层),近地铁配套成熟品质小区
宋都丽郡国际 89方包车位200万 三开间朝南户型 保真保看,200,22472元/m²,3室2厅,89m²,低层(共18层),近地铁交通便利繁华地段
大江之星 地铁口 滨江物业 三开间朝南 南北通透户型方正,178,19822元/m²,3室2厅,89m²,低层(共23层),安全性高繁华地段品质小区
急售8号线河庄站地铁口 钱塘一品 89方 三房 采光好,170,19153元/m²,3室2厅,88m²,低层(共25层),近地铁次新小区品质小区
实拍！70年产权实得83平！南北通透！三房两厅！外地人可买,56,11200元/m²,3室2厅,50m²,中层(共17层),送家电送车位近地铁
"东岸三区,过渡刚需两房,精装南北通,房东置换诚售,看房随时。",170,29772元/m²,1室2厅,57m²,高层(共17层),南北通透
铭都雅苑 新出两房朝南户型 看房方便价格可谈,205,34775元/m²,2室1厅,58m²,低层(共18层),近地铁主卧朝南繁华地段
泰美国际大厦 朝南跃层 精装厅室分明 金沙湖绿城物业,83,17496元/m²,1室1厅,47m²,低层(共22层),安全性高繁华地段品质小区
泰美国际大厦新出温馨朝南小户型 楼层采光好日照充足房东诚心卖,82,17285元/m²,1室1厅,47m²,低层(共22层),近地铁配套成熟素质住户
首付三成。无需社保，近名校，精装带车位，产证齐全，拎包入住！,53,9636元/m²,2室2厅,55m²,中层(共19层),南北通透采光好品质小区
（专做文海）景冉佳园 全区底价 拎包入住 成本醉低的一套 急,195,31160元/m²,2室2厅,62m²,低层(共29层),近地铁配套成熟品质小区
东方水岚佳苑 低总价 刚需必买 拎包入住 配套成熟 业主诚售,150,26219元/m²,3室1厅,57m²,中层(共27层),配套成熟交通便利品质小区
地铁云水站 婚房精装修 刚需两室 文海集团 生活配套好,185,29572元/m²,2室1厅,62m²,低层(共32层),近地铁
泰美国际1房1厅1卫，精装修15万全送，带车位,85,17917元/m²,1室1厅,47m²,低层(共22层),安全性高繁华地段品质小区
此房位于金沙湖板块，配套齐全，业主诚心出售,213,24550元/m²,2室2厅,86m²,低层(共18层),南北通透
首付15万，价格可谈，精装公寓，学.区房，近地铁，无税送车位,62.2,16811元/m²,2室2厅,37m²,中层(共12层),南北通透配套成熟品质小区
宝龙城市广场精装公寓！跃层loft！交通便利！诚心出售！,75,18191元/m²,3室1厅,41m²,低层(共23层),跃层式拎包入住繁华地段
（首付12万）看到这儿就停了吧 丨 我这儿有您想要的房子！,40,10254元/m²,2室2厅,39m²,中层(共15层),近地铁采光好配套成熟
下沙金沙湖板块，俯视金沙湖全景  下沙西 D铁口 即将开盘,86,17200元/m²,1室1厅,50m²,中层(共16层),
.首付低至2成，可议价，产证齐全，不限购，外地人可买，精装修,78.9,13150元/m²,2室2厅,60m²,中层(共16层),配套成熟交通便利繁华地段
精装复式，可包租5千，独立产证，无需社保，通燃气，送车位阳台,13,13000元/m²,2室1厅,10m²,中层(共15层),素质住户安全性高繁华地段
可用公积金，可按揭贷款，独立产证，送车位，通燃气，复式精装,23,15333元/m²,2室1厅,15m²,中层(共12层),素质住户安全性高繁华地段
景冉佳园 自住精装修15万 有钥匙随时看房 房东诚心出售,180,28409元/m²,2室2厅,63m²,低层(共26层),近地铁配套成熟品质小区
包租4千首付15万，精装复式，产证清晰可网签，通燃气，送车位,41,13667元/m²,2室2厅,30m²,中层(共16层),近地铁配套成熟繁华地段
学校覆盖区，碧桂园82方纯毛坯，满两年，有钥匙看房方便,165,20012元/m²,2室2厅,82m²,低层(共33层),主卧朝南靠近花园品质小区
华元十六街区，近地铁，马路对面是理工大学，楼下自带综合体,70,15873元/m²,2室1厅,44m²,高层(共16层),拎包入住配套成熟交通便利
房东吉卖 保利精装修一手现房中间楼层 随时看房 拎包入住,195,23973元/m²,3室2厅,81m²,高层(共33层),采光好交通便利品质小区
"杭州下沙保利像素 精装修三房,税，现房，房源不多，可看房",185,20647元/m²,3室2厅,89m²,中层(共33层),南北通透
标题,价格,均价,房子大小,总面积,楼层,优点
大都文苑风情 文海读书 景观房 精装修 多层 顶跃 带露台,355,24317元/m²,6室3厅,145m²,高层(共6层),近地铁近学校繁华地段
多蓝水岸 简单装修三房 中间楼层 得房率高 新上房源,290,21314元/m²,3室2厅,136m²,中层(共11层),近地铁配套成熟繁华地段
东海未名园东边套，大三房。目前空置出来了，看房有钥匙,298,24350元/m²,3室2厅,122m²,中层(共6层),近地铁近学校南北通透
首付20万，送一层精装复式两房！租金4000起，速购！,58.7,12489元/m²,2室1厅,47m²,低层(共18层),带车库送家电近地铁
单价低，下沙大学城北，高沙地铁口1000米，两房朝南*,145,26103元/m²,2室1厅,55m²,高层(共22层),拎包入住
东边套，全明通透，大两房，纯毛胚送大露台，满五年，楼层好,195,22393元/m²,2室2厅,87m²,高层(共34层),安全性高繁华地段品质小区
景冉佳园 可拎包入住！享受文海學區，好房就此一套来电看房,185,31522元/m²,2室2厅,58m²,高层(共32层),近地铁次新小区交通便利
保利东湾 214方东边套  中间楼层全线江景 低于市场50万,405,18827元/m²,4室2厅,215m²,低层(共29层),配套成熟环境优美交通便利
高沙地铁口200米 精装两房小户型 首付55万 月供7仟！！,185,31776元/m²,2室1厅,58m²,中层(共25层),近地铁南北通透
保利像素 月底精装交付 中高楼层东边套 看房方便 价格可谈,200,22422元/m²,4室2厅,89m²,中层(共30层),南北通透
御观邸|清新装修|独特风格|满五年|房东急脱手|看房联系我,400,45424元/m²,4室2厅,88m²,中层(共32层),近地铁独立电梯繁华地段
碧桂园 新上 纯毛坯次新房 刚需两房 视野开阔 采光无遮挡,198,24143元/m²,2室2厅,82m²,中层(共33层),
品质小区 闹中取静 成熟小区 性价比高 采光很棒 视野开阔！,43,7963元/m²,2室1厅,54m²,高层(共11层),小户型送车位近地铁
急售 下沙一号大街 高沙路地铁口500米 装修清爽 满五无税,62,10333元/m²,2室2厅,60m²,共4层,南北通透
必看！金沙湖板块！无需社保！外地人首付仅需12万！随时看房！,40,9091元/m²,2室2厅,44m²,高层(共11层),安全性高繁华地段品质小区
金沙湖板块又出笋盘！满五唯一！随时看房！我有钥匙！随时看房！,44,11000元/m²,2室2厅,40m²,高层(共11层),安全性高繁华地段品质小区
钱塘新区板块！无需社保！外地人首付仅需13万！随时看房！有钥,43,8600元/m²,2室2厅,50m²,高层(共11层),主卧朝南客厅朝南两房朝南
保利像素 月底精装交付 中高楼层 送车位 看房随时 价格可谈,170,21820元/m²,3室1厅,77m²,低层(共33层),南北通透
豪华装修 户型好 阳台大 采光好 交通便利 拎包入住,490,37430元/m²,4室2厅,130m²,低层(共32层),近地铁繁华地段品质小区
首付三成|精装送车位|不限购|外地人可买|房东急售,71,9369元/m²,3室2厅,75m²,低层(共21层),近地铁配套成熟繁华地段
宝龙城市广场，下沙大学城旁，双地铁口，精装现房，豪华装修,85,19318元/m²,2室2厅,44m²,高层(共22层),次新小区交通便利素质住户
首付40万，奥体旁精装跃层公寓，全新精装修拎包入住，转,82,15907元/m²,2室2厅,51m²,中层(共20层),近学校配套成熟交通便利
保利东湾改善户型 标准四房 豪华装修，现低于市场价20万急售,385,23506元/m²,3室2厅,163m²,低层(共35层),近地铁配套成熟环境优美
宝龙广场 美院设计精装20万 朝南视野开阔 吃喝玩乐一条龙,80,18182元/m²,2室2厅,44m²,高层(共22层),近地铁配套成熟品质小区
精装50万，保利东湾标准四房，看房方便，一线江景置换诚心出售,335,20453元/m²,3室2厅,163m²,低层(共35层),近地铁配套成熟次新小区
华元十六街区 朝南公寓 物美板块 文泽路300米 全明户型,52,11791元/m²,1室1厅,44m²,中层(共16层),近地铁繁华地段品质小区
首付18万可落户上学|外地人可买|近地铁|带车位无税送精装修,72.3,9614元/m²,3室2厅,75m²,中层(共17层),南北通透近地铁配套成熟
钱塘新区学區房丨地铁8号线在建丨价可面谈丨精装修送家电,75.2,10416元/m²,3室2厅,72m²,高层(共16层),安全性高繁华地段品质小区
业主离婚，特总价减66000，财产分割。变现家当，欢迎看房！,73.4,10479元/m²,3室2厅,70m²,中层(共15层),配套成熟次新小区繁华地段
70年产权住宅丨拎包入住丨交通便利丨精装送家电丨首付三成急售,62.5,10081元/m²,3室2厅,62m²,中层(共16层),近地铁环境优美交通便利
下沙江滨站 龙湖物业 大三房 精装修业主工作调动底价急售,282,24780元/m²,3室2厅,113m²,高层(共17层),近地铁小区中心近入口
（房源真实）天元公寓，新上房源，精装三房，户型方正。诚心出售,220,16144元/m²,3室2厅,136m²,中层(共16层),近学校安全性高繁华地段
大都文苑风情 一室一厅 全明户型 精装修 月租金3500,98,22897元/m²,1室1厅,42m²,高层(共28层),近地铁近学校繁华地段
loft公寓4.8层高 精装修双钥匙公寓单层租金高达8000,138,23000元/m²,2室2厅,60m²,低层(共29层),近地铁南北通透
实地实价，先看房我们在谈价钱，好谈好卖，家具送车位送，诚致电,76,12025元/m²,2室2厅,63m²,中层(共18层),近地铁配套成熟环境优美
宝龙城市广场 楼下有永辉超市 靠近文海南路站 房东精装16万,83,19302元/m²,1室2厅,43m²,高层(共23层),欧式风拎包入住近地铁
泰美国际新出好房 中间楼层 户型好 弧形大飘窗 一线湖景 急,155,17222元/m²,1室2厅,90m²,中层(共22层),近地铁配套成熟品质小区
准现房！湖畔 精装一手一线金沙湖景房 大落地窗 地铁旁！,120,17045元/m²,2室2厅,70m²,低层(共10层),南北通透
急售急售|和庄地铁口|和庄全龄学區房|产权清晰可落户|限天,96.2,12333元/m²,2室2厅,78m²,中层(共16层),南北通透送车位近地铁
总价低 近地铁 景观房 小区自带游泳池 周边配套齐全,310,27930元/m²,2室2厅,110m²,低层(共29层),近地铁配套成熟繁华地段
丽泽苑，首付24万，精装修带车位，可看可谈，租金四千，通燃气,78,13000元/m²,2室2厅,60m²,中层(共18层),
"东郡国际锦湾,新上好房,精装大两房,中上楼层,送面积15平方",200,29394元/m²,2室2厅,68m²,低层(共32层),安全性高繁华地段品质小区
（急售包税）包租4000！ 送10万精装修，带车位,44,11892元/m²,2室2厅,37m²,低层(共18层),近地铁
柠檬郡 精装三房 品质小区 房东急卖 诚心出售  随时看房,245,27448元/m²,3室2厅,89m²,低层(共32层),近地铁配套成熟安全性高
果岭精装大三房，三阳台，纯边套公摊少，房东自住置换，保养新,215,24770元/m²,3室2厅,86m²,高层(共31层),景观房拎包入住次新小区
惊！业主急售，首付12万，70年产权，精装送家具，带车位包税,38,8085元/m²,3室2厅,47m²,中层(共21层),采光好配套成熟交通便利
景冉佳园新出豪装45万边套大3方全新家具硬装全房,252,30409元/m²,3室2厅,82m²,高层(共30层),近地铁南北通透交通便利
景观房 全明户型 一线江景房 多房朝南 周边配套齐全,220,24644元/m²,3室2厅,89m²,中层(共29层),近地铁配套成熟繁华地段
观澜时代精装3房，一梯一户，纯东边套。南北通透，房东急售！,210,23537元/m²,3室2厅,89m²,高层(共33层),独立电梯位置安静配套成熟
专做保利！！大三房，高质量居住环境！！得房率超高,250,24148元/m²,3室2厅,103m²,低层(共33层),配套成熟繁华地段品质小区
景冉佳园 新上自住精装修20万 文海學區 边套3房 看房预约,216,26065元/m²,3室2厅,82m²,低层(共32层),近地铁次新小区交通便利
杭州碧桂园 整个小区只有15套三阳台户型 精装修三房,235,26817元/m²,3室2厅,87m²,高层(共32层),南北通透交通便利品质小区
钱塘新区！品质小区，精装修三房，直接拎包入住！！,230,26036元/m²,3室2厅,88m²,中层(共33层),近地铁拎包入住品质小区
保利城市果岭！标准三房两卫！西边套户型！急售送装修！送车位！,220,25200元/m²,3室2厅,87m²,高层(共34层),近地铁配套成熟
"全新未住人金沙湖 龙湖滟澜山 精装大三房,客厅带飘窗,纯边套",386,44957元/m²,3室2厅,85m²,中层(共26层),近地铁配套成熟交通便利
新出 保利3房2卫，精装修25万主卧带阳台，东区江景房好楼层,250,26821元/m²,3室2厅,93m²,低层(共33层),送家电视野好繁华地段
品质小区|配套成熟|近地铁|可落户上学|无需社保|无税精装修,105,12727元/m²,3室2厅,82m²,高层(共18层),
东郡国际 新上精装修三房 没有税 全屋中央空调 有车位,226,25974元/m²,3室2厅,87m²,高层(共32层),南北通透配套成熟交通便利
急~售！金沙湖边标志性建 全景落地窗 正对金沙湖 龙湖天街旁,121,18417元/m²,1室1厅,65m²,低层(共42层),南北通透
急售三房|70年产权送产权车位送精装修|可以落户上学无需社保,102,12687元/m²,3室2厅,80m²,高层(共22层),南北通透环境优美品质小区
标题,价格,均价,房子大小,总面积,楼层,优点
保利像素  大三房，两卫  装修次新房 未住人 楼层采光好,195,21910元/m²,3室2厅,89m²,中层(共33层),采光好拎包入住视野好
观澜朗轩 弧形大阳台 楼层好采光好 南北通透边套 诚心出售,195,22194元/m²,3室2厅,87m²,中层(共29层),安全性高繁华地段品质小区
泰美国际大厦 朝南跃层 精装厅室分明 金沙湖绿城物业,107,22555元/m²,1室1厅,47m²,低层(共22层),配套成熟交通便利繁华地段
宋都丽郡园 品质小区 185万正三房 楼层好采光足 诚售保看,185,20787元/m²,3室2厅,89m²,中层(共18层),配套成熟繁华地段品质小区
边套户型，家具家电全送，滟澜山二期刚需小户型出售,180,30196元/m²,1室2厅,59m²,中层(共22层),近地铁配套成熟品质小区
琅琴湾 小区中间位置 高楼层 视野好  195万 诚售！,195,22086元/m²,3室2厅,88m²,高层(共32层),近地铁配套成熟品质小区
"保利像素开发商精装修 包税,一手现房从未住人,有证",192,21525元/m²,3室2厅,89m²,高层(共32层),南北通透
铭和苑柳翠坊 新出精装修西边套大三房 家装全送看房有钥匙急卖,285,22335元/m²,3室2厅,127m²,中层(共11层),近地铁南北通透小区中心
地铁口宋都丽郡国际 89方送车位195万 急售！,195,21910元/m²,3室2厅,89m²,高层(共18层),近地铁配套成熟繁华地段
"义蓬地铁口社区罕见户型,义蓬宋都丽郡190万3室2厅2卫",190,21348元/m²,3室2厅,89m²,中层(共20层),
首付20w可做三成带装修拎包入住!送产权车位！房东急售价可谈,71.9,9849元/m²,2室2厅,73m²,中层(共6层),近地铁配套成熟繁华地段
湖畔中心 优惠折扣找我 精装一手一线金沙湖景房 大落地窗,138.6,19688元/m²,2室2厅,70m²,低层(共10层),南北通透近地铁繁华地段
出门就是地铁口！龙湖物业！全明户型！主卧带阳台！看房方便。,190,21464元/m²,3室2厅,88m²,中层(共33层),南北通透
金沙湖CBD 地铁0距离 120万精装一线湖景房 全景落地窗,120,17045元/m²,2室2厅,70m²,中层(共10层),近地铁配套成熟次新小区
吉房出售|金沙湖商圈|近地铁|周边学校商场环绕|不限购可上学,73,10429元/m²,2室2厅,70m²,中层(共11层),南北通透环境优美品质小区
70年产权住宅丨可落户上学丨无需社保丨品质小区配套成熟丨急售,71,9923元/m²,2室2厅,71m²,中层(共9层),送车位近地铁交通便利
新出精装修lofe公寓 地段 金沙地 铁站旁 房东急卖,120,25000元/m²,1室1厅,48m²,低层(共22层),
金沙湖CBD 地铁0 120万精装一线湖景房 全景落地窗,120,17045元/m²,2室2厅,70m²,低层(共10层),南北通透
捡漏房，业主因婚姻破裂卖房，回上海！陪你吃苦，不代表我只配苦,35.8,11933元/m²,2室1厅,30m²,低层(共11层),配套成熟繁华地段品质小区
金隅金座空港精装酒店式公寓，视野好，一线 江景，自住包租优选,65,12866元/m²,1室1厅,50m²,低层(共21层),大开间配套成熟品质小区
大都文苑风情 文海读书 景观房 精装修 多层 顶跃 带露台,355,24317元/m²,6室3厅,145m²,高层(共6层),近地铁近学校繁华地段
多蓝水岸 简单装修三房 中间楼层 得房率高 新上房源,290,21314元/m²,3室2厅,136m²,中层(共11层),近地铁配套成熟繁华地段
东海未名园东边套，大三房。目前空置出来了，看房有钥匙,298,24350元/m²,3室2厅,122m²,中层(共6层),近地铁近学校南北通透
首付20万，送一层精装复式两房！租金4000起，速购！,58.7,12489元/m²,2室1厅,47m²,低层(共18层),带车库送家电近地铁
单价低，下沙大学城北，高沙地铁口1000米，两房朝南*,145,26103元/m²,2室1厅,55m²,高层(共22层),拎包入住
专做文海 景冉佳园 纯边套 精装修自住 南北通透 随时看房,189,33451元/m²,2室2厅,56m²,高层(共32层),近地铁配套成熟交通便利
东边套，全明通透，大两房，纯毛胚送大露台，满五年，楼层好,195,22393元/m²,2室2厅,87m²,高层(共34层),安全性高繁华地段品质小区
景冉佳园 可拎包入住！享受文海學區，好房就此一套来电看房,185,31522元/m²,2室2厅,58m²,高层(共32层),近地铁次新小区交通便利
保利东湾 214方东边套  中间楼层全线江景 低于市场50万,405,18827元/m²,4室2厅,215m²,低层(共29层),配套成熟环境优美交通便利
高沙地铁口200米 精装两房小户型 首付55万 月供7仟！！,185,31776元/m²,2室1厅,58m²,中层(共25层),近地铁南北通透
保利像素 月底精装交付 中高楼层东边套 看房方便 价格可谈,200,22422元/m²,4室2厅,89m²,中层(共30层),南北通透
御观邸|清新装修|独特风格|满五年|房东急脱手|看房联系我,400,45424元/m²,4室2厅,88m²,中层(共32层),近地铁独立电梯繁华地段
龙湖滟澜山 精装大三房 地铁旁 遥望金沙湖 采光好 业主诚售,500,37916元/m²,3室2厅,131m²,低层(共33层),近地铁配套成熟品质小区
碧桂园 新上 纯毛坯次新房 刚需两房 视野开阔 采光无遮挡,198,24143元/m²,2室2厅,82m²,中层(共33层),
品质小区 闹中取静 成熟小区 性价比高 采光很棒 视野开阔！,43,7963元/m²,2室1厅,54m²,高层(共11层),小户型送车位近地铁
急售 下沙一号大街 高沙路地铁口500米 装修清爽 满五无税,62,10333元/m²,2室2厅,60m²,共4层,南北通透
必看！金沙湖板块！无需社保！外地人首付仅需12万！随时看房！,40,9091元/m²,2室2厅,44m²,高层(共11层),安全性高繁华地段品质小区
金沙湖板块又出笋盘！满五唯一！随时看房！我有钥匙！随时看房！,44,11000元/m²,2室2厅,40m²,高层(共11层),安全性高繁华地段品质小区
钱塘新区板块！无需社保！外地人首付仅需13万！随时看房！有钥,43,8600元/m²,2室2厅,50m²,高层(共11层),主卧朝南客厅朝南两房朝南
保利像素 月底精装交付 中高楼层 送车位 看房随时 价格可谈,170,21820元/m²,3室1厅,77m²,低层(共33层),南北通透
豪华装修 户型好 阳台大 采光好 交通便利 拎包入住,490,37430元/m²,4室2厅,130m²,低层(共32层),近地铁繁华地段品质小区
首付三成|精装送车位|不限购|外地人可买|房东急售,71,9369元/m²,3室2厅,75m²,低层(共21层),近地铁配套成熟繁华地段
海天城 四室二厅二卫 房东急售！！诚心卖 户型结构好 学正,380,23477元/m²,4室2厅,161m²,高层(共17层),近地铁主卧朝南繁华地段
宝龙城市广场，下沙大学城旁，双地铁口，精装现房，豪华装修,85,19318元/m²,2室2厅,44m²,高层(共22层),次新小区交通便利素质住户
首付40万，奥体旁精装跃层公寓，全新精装修拎包入住，转,82,15907元/m²,2室2厅,51m²,中层(共20层),近学校配套成熟交通便利
价格调整！降10万！送装修15万！高品质小区！空置中随时看！,257,19232元/m²,3室2厅,133m²,低层(共33层),近地铁近学校南北通透
验真|临江CBD|多层住宅全新装修|超低总价不限购|赠送车库,60,9935元/m²,2室2厅,60m²,中层(共6层),南北通透近地铁配套成熟
保利东湾改善户型 标准四房 豪华装修，现低于市场价20万急售,385,23506元/m²,3室2厅,163m²,低层(共35层),近地铁配套成熟环境优美
宝龙广场 美院设计精装20万 朝南视野开阔 吃喝玩乐一条龙,80,18182元/m²,2室2厅,44m²,高层(共22层),近地铁配套成熟品质小区
"首付90万即可,自住硬装修35万,带一个地下车位,文泽路地铁",290,24086元/m²,3室2厅,120m²,低层(共18层),近地铁近学校配套成熟
精装50万，保利东湾标准四房，看房方便，一线江景置换诚心出售,335,20453元/m²,3室2厅,163m²,低层(共35层),近地铁配套成熟次新小区
华元十六街区 朝南公寓 物美板块 文泽路300米 全明户型,52,11791元/m²,1室1厅,44m²,中层(共16层),近地铁繁华地段品质小区
首付18万可落户上学|外地人可买|近地铁|带车位无税送精装修,72.3,9614元/m²,3室2厅,75m²,中层(共17层),南北通透近地铁配套成熟
钱塘新区学區房丨地铁8号线在建丨价可面谈丨精装修送家电,75.2,10416元/m²,3室2厅,72m²,高层(共16层),安全性高繁华地段品质小区
业主离婚，特总价减66000，财产分割。变现家当，欢迎看房！,73.4,10479元/m²,3室2厅,70m²,中层(共15层),配套成熟次新小区繁华地段
70年产权住宅丨拎包入住丨交通便利丨精装送家电丨首付三成急售,62.5,10081元/m²,3室2厅,62m²,中层(共16层),近地铁环境优美交通便利
下沙江滨站 龙湖物业 大三房 精装修业主工作调动底价急售,282,24780元/m²,3室2厅,113m²,高层(共17层),近地铁小区中心近入口
（房源真实）天元公寓，新上房源，精装三房，户型方正。诚心出售,220,16144元/m²,3室2厅,136m²,中层(共16层),近学校安全性高繁华地段
大都文苑风情 一室一厅 全明户型 精装修 月租金3500,98,22897元/m²,1室1厅,42m²,高层(共28层),近地铁近学校繁华地段
无需税费|独立产权|包租4K|拎包入住|豪华装送家电|送车位,74,9765元/m²,2室2厅,75m²,低层(共33层),南北通透近地铁配套成熟
标题,价格,均价,房子大小,总面积,楼层,优点
loft公寓4.8层高 精装修双钥匙公寓单层租金高达8000,138,23000元/m²,2室2厅,60m²,低层(共29层),近地铁南北通透
实地实价，先看房我们在谈价钱，好谈好卖，家具送车位送，诚致电,76,12025元/m²,2室2厅,63m²,中层(共18层),近地铁配套成熟环境优美
宝龙城市广场 楼下有永辉超市 靠近文海南路站 房东精装16万,83,19302元/m²,1室2厅,43m²,高层(共23层),欧式风拎包入住近地铁
首付4万入户杭州 精装复试两房 赠送22平 满五唯一 送家电,15,12500元/m²,2室2厅,12m²,中层(共20层),
泰美国际新出好房 中间楼层 户型好 弧形大飘窗 一线湖景 急,155,17222元/m²,1室2厅,90m²,中层(共22层),近地铁配套成熟品质小区
准现房！湖畔 精装一手一线金沙湖景房 大落地窗 地铁旁！,120,17045元/m²,2室2厅,70m²,低层(共10层),南北通透
急售急售|和庄地铁口|和庄全龄学區房|产权清晰可落户|限天,96.2,12333元/m²,2室2厅,78m²,中层(共16层),南北通透送车位近地铁
总价低 近地铁 景观房 小区自带游泳池 周边配套齐全,310,27930元/m²,2室2厅,110m²,低层(共29层),近地铁配套成熟繁华地段
丽泽苑，首付24万，精装修带车位，可看可谈，租金四千，通燃气,78,13000元/m²,2室2厅,60m²,中层(共18层),
"东郡国际锦湾,新上好房,精装大两房,中上楼层,送面积15平方",200,29394元/m²,2室2厅,68m²,低层(共32层),安全性高繁华地段品质小区
（急售包税）包租4000！ 送10万精装修，带车位,44,11892元/m²,2室2厅,37m²,低层(共18层),近地铁
江东府 89方加37方 200万高楼层东边套 诚售随时可看！,205,22885元/m²,4室2厅,89m²,高层(共18层),配套成熟繁华地段品质小区
柠檬郡 精装三房 品质小区 房东急卖 诚心出售  随时看房,245,27448元/m²,3室2厅,89m²,低层(共32层),近地铁配套成熟安全性高
果岭精装大三房，三阳台，纯边套公摊少，房东自住置换，保养新,215,24770元/m²,3室2厅,86m²,高层(共31层),景观房拎包入住次新小区
保利东湾精装2房，一线江景房 全明户型 西边套 视野无敌！,215,23998元/m²,3室2厅,89m²,高层(共32层),配套成熟环境优美品质小区
惊！业主急售，首付12万，70年产权，精装送家具，带车位包税,38,8085元/m²,3室2厅,47m²,中层(共21层),采光好配套成熟交通便利
景冉佳园新出豪装45万边套大3方全新家具硬装全房,252,30409元/m²,3室2厅,82m²,高层(共30层),近地铁南北通透交通便利
景观房 全明户型 一线江景房 多房朝南 周边配套齐全,220,24644元/m²,3室2厅,89m²,中层(共29层),近地铁配套成熟繁华地段
急售！新荷坊  双地铁口 10W硬装加车位全送送送！,210,24205元/m²,3室1厅,86m²,高层(共18层),近地铁配套成熟繁华地段
柠檬郡家园 20万自住精装修，三房两厅一卫，客厅朝南,270,30154元/m²,3室2厅,89m²,高层(共29层),近地铁配套成熟繁华地段
观澜时代精装3房，一梯一户，纯东边套。南北通透，房东急售！,210,23537元/m²,3室2厅,89m²,高层(共33层),独立电梯位置安静配套成熟
专做保利！！大三房，高质量居住环境！！得房率超高,250,24148元/m²,3室2厅,103m²,低层(共33层),配套成熟繁华地段品质小区
景冉佳园 新上自住精装修20万 文海學區 边套3房 看房预约,216,26065元/m²,3室2厅,82m²,低层(共32层),近地铁次新小区交通便利
杭州碧桂园 整个小区只有15套三阳台户型 精装修三房,235,26817元/m²,3室2厅,87m²,高层(共32层),南北通透交通便利品质小区
钱塘新区！品质小区，精装修三房，直接拎包入住！！,230,26036元/m²,3室2厅,88m²,中层(共33层),近地铁拎包入住品质小区
保利城市果岭！标准三房两卫！西边套户型！急售送装修！送车位！,220,25200元/m²,3室2厅,87m²,高层(共34层),近地铁配套成熟
"全新未住人金沙湖 龙湖滟澜山 精装大三房,客厅带飘窗,纯边套",386,44957元/m²,3室2厅,85m²,中层(共26层),近地铁配套成熟交通便利
新出 保利3房2卫，精装修25万主卧带阳台，东区江景房好楼层,250,26821元/m²,3室2厅,93m²,低层(共33层),送家电视野好繁华地段
品质小区|配套成熟|近地铁|可落户上学|无需社保|无税精装修,105,12727元/m²,3室2厅,82m²,高层(共18层),
东郡国际 新上精装修三房 没有税 全屋中央空调 有车位,226,25974元/m²,3室2厅,87m²,高层(共32层),南北通透配套成熟交通便利
急~售！金沙湖边标志性建 全景落地窗 正对金沙湖 龙湖天街旁,121,18417元/m²,1室1厅,65m²,低层(共42层),南北通透
急售三房|70年产权送产权车位送精装修|可以落户上学无需社保,102,12687元/m²,3室2厅,80m²,高层(共22层),南北通透环境优美品质小区
急急！直降20万丨无需社保可落户丨配套成熟丨丨外地人可买,77,10694元/m²,2室2厅,72m²,中层(共16层),近地铁南北通透繁华地段
跃层3房2卫，精装修35万客厅带阳台，中间楼层江景很好,220,25928元/m²,3室2厅,84m²,低层(共33层),跃层式送家电繁华地段
急！外地人可买（房东移民急抛）（精装修送产权车位）可落户上学,71,8648元/m²,3室2厅,82m²,中层(共28层),南北通透配套成熟品质小区
急售|70年产权|首付15万|带车库|无需社保|外地人可落户,61,10124元/m²,2室2厅,60m²,高层(共12层),带车库繁华地段品质小区
观澜经典三房一卫刚需 独门独户送10方入户走廊南北通透,215,22853元/m²,3室2厅,94m²,高层(共29层),次新小区交通便利素质住户
龙湖三期，地铁口100米。精装修30万全三房，看房有钥匙,353,41113元/m²,3室2厅,85m²,中层(共29层),近地铁配套成熟环境优美
南北通透，首付10万，精装修复式，民水民电无税，送车位实拍,48,14118元/m²,2室1厅,34m²,中层(共17层),近地铁素质住户安全性高
钱塘新区！豪华装无税|配套齐全|交通便利|可落户上学|送家具,62,7848元/m²,3室2厅,79m²,低层(共18层),送家电送车位房型正
南北通透，首付10万，精装修复式，民水民电无税，送车位实拍,48,14118元/m²,2室1厅,34m²,中层(共17层),近地铁素质住户安全性高
（精）保利像素 精装三房 低于市场价格30万 楼层采光好！,170,20879元/m²,3室2厅,81m²,中层(共33层),采光好拎包入住视野好
杭州碧桂园 刚需置业 大三房 精装修 家具家电全送,220,24752元/m²,3室2厅,88m²,高层(共34层),
急售，赠15平，无需社保，低于市场价200000，带租约转售,75,10714元/m²,2室2厅,70m²,高层(共17层),环境优美素质住户品质小区
单价低总价低|房东个人原因急售|包租4000|宜居生活可上学,79,9875元/m²,3室2厅,80m²,中层(共30层),南北通透近地铁环境优美
盛泰名都145方大三房纯毛坯，地铁站500米，南北通透双阳台,365,25138元/m²,3室2厅,145m²,低层(共32层),近地铁南北通透
福雷德广场，近地铁大学城核心位置，精装修LOFT挑高5.6米,56,18667元/m²,2室2厅,30m²,高层(共15层),南北通透
（真）保利像素 东边套 三室二卫 满2年 楼层采光视野无遮挡,175,19531元/m²,3室2厅,89m²,中层(共33层),采光好拎包入住视野好
新上好房，东郡国际，精装80万，现代3房，一线江景，送车位,210,23424元/m²,3室2厅,89m²,高层(共33层),南北通透
地铁口改善型大四房，户型正气楼层好视野佳 现低于市场价急售,285,24660元/m²,3室2厅,115m²,低层(共34层),配套成熟交通便利品质小区
急~售！东海柠檬郡 精装修3房89方255万一线江景！！,255,28636元/m²,3室2厅,89m²,中层(共26层),近地铁南北通透
急售！地铁口300米 精装修全送 配套齐全 拎包入住 送车位,60,9231元/m²,2室2厅,65m²,中层(共16层),近地铁近学校
邵逸夫医院 柠檬郡 精装3房 户型方正 低总价 带阳台 地铁,262,29274元/m²,3室2厅,89m²,高层(共31层),近地铁南北通透
首付16w|无需社保|精装修|交通方便|,55,9167元/m²,2室2厅,60m²,高层(共16层),采光好近地铁环境优美
业主新挂，瞬秒房，诚售，满二，中层，低于市场价20万,178,19866元/m²,3室2厅,89m²,低层(共33层),南北通透
无税，可落户，可读书，70年产权，独立产证过户，可用公积金,15,15000元/m²,2室1厅,10m²,中层(共17层),素质住户安全性高繁华地段
诚售！东海柠檬郡！东南亚风格小区！精装60万 家具家电全送！,218,24470元/m²,3室2厅,89m²,中层(共26层),近地铁配套成熟繁华地段
急售 70年产权 首付15万 带车库 无需社保 外地人可落户,61,10116元/m²,2室2厅,60m²,高层(共12层),配套成熟繁华地段品质小区
湖畔中心！一线湖景！准现房！一室一厅！精装修！地铁口！总价低,105,17500元/m²,1室1厅,60m²,中层(共11层),南北通透繁华地段品质小区
带超大入户花园 西边套 南北通透 精装三房 中间楼层 诚心卖,200,22650元/m²,3室2厅,88m²,高层(共29层),带花园送家电采光好
标题,价格,均价,房子大小,总面积,楼层,优点
"低于市场价,保利像素,两房朝南,精装修,拎包入住,带车位",200,22324元/m²,3室2厅,89m²,中层(共18层),南北通透
东海柠檬郡 新出精装3房 中间楼层 客厅带阳台 房东诚心出售,287,32229元/m²,3室2厅,89m²,中层(共26层),近地铁配套成熟交通便利
新挂牌急卖房源，江滨地铁口，晨光国际三房，满两年，可看江景。,230,25664元/m²,3室2厅,89m²,高层(共33层),近地铁南北通透安全性高
地铁口100米，晨光国际精装东边套，全明三房，楼层适中可看江,225,25106元/m²,3室2厅,89m²,低层(共33层),近地铁南北通透素质住户
西子阳光星城 精装修复式，层高5.6米民用水电通燃气送车位,32,9143元/m²,2室2厅,35m²,中层(共16层),近地铁近学校配套成熟
"新上保利玫瑰湾精装大三房,南北通透,户型大气，顶跃",259,31960元/m²,3室2厅,81m²,高层(共34层),配套成熟繁华地段品质小区
中国铁建保利像素 精装修一手现房中间楼层 随时看房 拎包入住,178,21883元/m²,3室2厅,81m²,中层(共33层),配套成熟环境优美品质小区
开学季  大优惠 好房等你来看欣赏  看房不要钱 看好我来谈,230,26107元/m²,3室2厅,88m²,低层(共42层),南北通透
"宋都东郡国际锦湾,精装修三房,坐北朝南,采光好。",213,23802元/m²,3室2厅,89m²,高层(共33层),
和达城 3房2厅 中装 楼层好 价格可谈 环境优美 文泽地口,220,25882元/m²,3室2厅,85m²,高层(共31层),南北通透
保利东区！豪装60万！舒适大三房！拎包入住！急卖好房！随时看,316,27355元/m²,3室2厅,115m²,低层(共34层),南北通透近地铁交通便利
地铁口精装修现房，即买即住，房东因工作调动要去上海，底价出售,70.8,11800元/m²,2室1厅,60m²,中层(共17层),南北通透采光好近地铁
东郡之星 三房纯边套双阳台 采光没遮挡 次新小区 诚心出售,165,23615元/m²,2室2厅,69m²,高层(共13层),南北通透
文泽地铁口精装公寓   租金高达4000 可自住可出租,90,15517元/m²,2室2厅,58m²,中层(共24层),南北通透
中豪七格 精装跃层公寓 没有住过人 做了三房，室内很清爽,95,21591元/m²,3室1厅,44m²,中层(共23层),配套成熟繁华地段品质小区
钱塘新区！豪华装无税|配套齐全|交通便利|可落户上学|送家具,62,7848元/m²,3室2厅,79m²,低层(共18层),
龙湖滟澜山新上精装空置两房，高楼层采光好随时看房房东诚售,178,29682元/m²,2室1厅,59m²,高层(共22层),近地铁繁华地段品质小区
铭都雅苑 精装刚需小两房 业主急于置换 家电家具全送 随时看,160,27510元/m²,2室2厅,58m²,高层(共25层),近地铁南北通透
玫瑰湾精装修 风格简约干净 全新家具 一线江景 房东诚售,210,25811元/m²,2室2厅,81m²,中层(共34层),南北通透
玫瑰湾精装修 风格简约干净 全新家具 一线江景 房东诚售,240,29499元/m²,2室2厅,81m²,中层(共34层),南北通透
高租金！可包租！繁华地段 精装修 接受公积金贷款 省税！,69.9,13980元/m²,2室1厅,50m²,中层(共18层),南北通透配套成熟环境优美
江语海 降价精装两房 品质小区 文海學區 一线江景,200,35644元/m²,2室2厅,56m²,中层(共33层),近地铁次新小区交通便利
来电有惊喜，难得好房源！真实在售，杜绝虚假房源，拎包入住无税,55,11224元/m²,2室1厅,49m²,中层(共20层),近地铁配套成熟次新小区
首付三成||外地人可买|家电全送|可落户上学|无税送车位||,57,10962元/m²,2室2厅,52m²,中层(共22层),南北通透配套成熟交通便利
朗诗国际街区东园 精装拎包入住 视野好 环境优美,220,27077元/m²,2室1厅,81m²,中层(共32层),近地铁配套成熟品质小区
房东急抛！ 外地人可买！精装两房！家具家电！低于市场30万！,65,13000元/m²,2室2厅,50m²,中层(共20层),近地铁配套成熟素质住户
新出好房！龙湖滟澜山2房1厅1卫，精装修20万全送，带车位,176,29392元/m²,2室1厅,59m²,高层(共22层),安全性高繁华地段
朗诗国际 房东急卖！！！二室二厅一卫！！户型结构好,240,27698元/m²,2室2厅,86m²,中层(共32层),近地铁主卧朝南繁华地段
首付14万 外地人可买 不限购 可贷款 精装全配 可落户上学,48,9600元/m²,2室2厅,50m²,中层(共21层),南北通透环境优美繁华地段
铭和苑 全明户型 南北通透 自住精装 看房方便,220,25086元/m²,2室2厅,87m²,高层(共18层),近地铁配套成熟品质小区
龙湖滟澜山 精装修两房 拎包入住看房方便 到价可谈 诚心出售,203,33850元/m²,2室1厅,59m²,高层(共22层),安全性高繁华地段品质小区
总监力荐 精装修 loft 江景大两房  房东诚心出售的置换,220,25873元/m²,2室2厅,85m²,高层(共43层),复式房房型正品质小区
非诚勿扰，急用钱，包税，地铁口 无需社保，三证齐全，精装修,35.6,8452元/m²,2室2厅,42m²,中层(共20层),近地铁配套成熟品质小区
萧山地铁口！产权清晰 租金5000 首付15万 外地人可买,45,10000元/m²,2室2厅,45m²,中层(共18层),近地铁交通便利繁华地段
真实！ 竟然新出精装两房边套 三房格局 罕见户型 买到即赚,230,27654元/m²,2室2厅,83m²,高层(共27层),近地铁
地铁旁 首付12万 可落户 复式两房 家电器齐全 拎包入住,44.5,14833元/m²,2室2厅,30m²,高层(共10层),近地铁配套成熟环境优美
70年产权 精装2房 配套齐全 可落户上学 以租养贷 送车位,72,8132元/m²,2室2厅,88m²,中层(共22层),南北通透繁华地段品质小区
急急70年产权住宅丨南北通透丨配套成熟丨对口学校丨外地人可买,70,7936元/m²,2室2厅,88m²,中层(共18层),近地铁配套成熟繁华地段
送精装！家具家电齐全！我这边可包租！租金3500|月,46,15333元/m²,2室2厅,30m²,低层(共18层),近地铁配套成熟繁华地段
精装2房 房东急售 近地铁 包租4千 拎包入住 外地人可购买,70,7936元/m²,2室2厅,88m²,中层(共18层),配套成熟繁华地段品质小区
海天城 精装修两房 采光好 小区中心位置 大开间,210,25824元/m²,2室2厅,81m²,中层(共24层),近地铁繁华地段品质小区
紧缺豪华装77平户型 超低总价 全新装修全送 满2年 近地铁,63,8750元/m²,2室2厅,72m²,中层(共18层),安全性高繁华地段品质小区
文海新上精装2房！龙湖物业，小区环境优美！诚心卖可谈,256,28783元/m²,2室2厅,88m²,高层(共18层),南北通透
金沙湖板块 江景家园精装两房 房东诚心出售 价格可谈,125,22727元/m²,2室1厅,55m²,中层(共18层),安全性高繁华地段品质小区
铭都雅苑 2室1厅1卫 朝南户型 采光充足视野开阔 拎包入住,168,28886元/m²,2室1厅,58m²,中层(共25层),近地铁
新上龙湖滟澜山 60平精装2室 业主自住 朝东户型楼层采光好,202,33887元/m²,2室2厅,59m²,高层(共23层),
70年独立产权的LOFT！首付十万即可过 户！精装修民用水电,50.8,12700元/m²,2室2厅,40m²,高层(共21层),南北通透近地铁配套成熟
(实勘房源）义蓬中心学校商场环绕全新小区无需社保赠车库,75,8427元/m²,2室2厅,89m²,中层(共23层),南北通透近地铁配套成熟
首付仅3成，精装全配，南北通透，可上学，附加车位，外地人可买,72,8162元/m²,2室2厅,88m²,中层(共18层),近地铁配套成熟素质住户
奥特莱斯 4.5米LOFT精装 实用80方 下定送一万装修款,65,12500元/m²,2室2厅,52m²,中层(共30层),近地铁配套成熟品质小区
医院旁 江景房  大三房 精装修 拎包入住,210,23973元/m²,2室2厅,87m²,高层(共33层),近地铁南北通透
四季风景苑（文海教育） 精装修新上自住房源 保养好 送家电,218,24852元/m²,2室2厅,87m²,中层(共29层),近地铁近学校繁华地段
天街商圈，临近地铁1号线，周边发达，小区内环境优美。,319,35674元/m²,2室2厅,89m²,中层(共21层),南北通透
盛泰名都公寓 房东置换降价30万 清爽装修三居室 可议价,203,22588元/m²,2室2厅,89m²,高层(共29层),近地铁南北通透
小区环境很好，物业也不错 经典跃层 精装修 可拎包入住,81,18531元/m²,2室2厅,43m²,高层(共23层),环境优美交通便利品质小区
宋都丽郡 89方D户型 双阳台，中上楼层210 满二 带车位,210,23596元/m²,3室2厅,89m²,中层(共18层),近地铁配套成熟品质小区
专做保利一线江景 三房两厅两卫 热门小三房 房东置换急售,221,24337元/m²,3室2厅,90m²,高层(共34层),南北通透交通便利品质小区
滨江未来海岸法式联排，地上3层地下2层送双车位,450,23077元/m²,5室2厅,195m²,共1层,南北通透景观房环境优美
盛泰时代山 两室带阳台 小区中心位置 多房朝南 全明户型,89,15775元/m²,2室1厅,56m²,高层(共24层),安全性高繁华地段品质小区
城市果岭12米三阳台，可以踢足球，景观房，价格低，看房有钥匙,216,24412元/m²,3室2厅,88m²,高层(共34层),客厅朝南两房朝南品质小区
标题,价格,均价,房子大小,总面积,楼层,优点
东裕华庭 门口就是学校 可落户 三房两卫 诚心出售！,115,12799元/m²,3室2厅,89m²,低层(共32层),近地铁配套成熟品质小区
东裕华庭 A5户型 带车位 简单装修 边套户型 南北通透,118,13142元/m²,3室2厅,89m²,高层(共29层),安全性高繁华地段品质小区
琅琴湾 楼下就是地铁口 满两年205万送车位 诚心出售！,205,24481元/m²,3室2厅,83m²,中层(共31层),近地铁配套成熟品质小区
城市果岭 三阳台户型 精装三房 楼层位置俱佳 诚售可谈！！,227,25656元/m²,3室2厅,88m²,高层(共34层),景观房靠近花园拎包入住
保利东湾新上，三房两卫户型方正，毛坯房未住人，关键房东还诚心,219,23288元/m²,3室2厅,94m²,低层(共34层),一梯两户交通便利品质小区
观澜时代改善户型 豪装100万 送入户花园纯边套 一线江景,355,25738元/m²,4室2厅,137m²,高层(共11层),近地铁配套成熟环境优美
泰美新出可做两室朝南 物业精装修 可直视金沙湖 看房方便,103,21730元/m²,1室1厅,47m²,中层(共22层),南北通透
城市果岭 大两房 双阳台 阳台可打滚 价格含车位 看中可谈,190,24020元/m²,3室2厅,79m²,中层(共30层),南北通透
中豪七格  出租 自住两全其美，跃层精装修公寓 品质小区,85,19358元/m²,2室1厅,43m²,中层(共23层),配套成熟环境优美繁华地段
钱塘新区新出好房！！好楼层，好价格，好户型！！看了总不亏的！,239,26177元/m²,3室2厅,91m²,中层(共34层),素质住户繁华地段品质小区
当天必卖 龙湖三期，纯毛坯三房 低市场40万 厅带阳台高楼层,288,32907元/m²,3室2厅,87m²,高层(共22层),近地铁南北通透
房东降价了 诚心卖 文海教育集团 让赢在起点 随时约谈,255,28732元/m²,3室2厅,88m²,高层(共18层),次新小区交通便利素质住户
世茂广场新上房源，房东新房看好，诚心置换，欢迎来电,65,12264元/m²,1室1厅,53m²,高层(共18层),
东裕华庭 学校旁 三房两厅带全新装修 108万 随时签约,108,12099元/m²,3室2厅,89m²,高层(共32层),近地铁配套成熟繁华地段
房东急售 205万 带车位 满两年 琅琴湾 地铁口 三湖环绕,205,24481元/m²,3室2厅,83m²,中层(共32层),独立电梯繁华地段品质小区
东裕华庭 高楼层 A5户型 三房两卫两阳台 110万南北通透,110,12243元/m²,3室2厅,89m²,低层(共29层),素质住户安全性高品质小区
夹边套 地铁口 175万 诚心出售 随时签约 保真保看 楼层,175,19663元/m²,3室2厅,89m²,高层(共18层),近地铁繁华地段品质小区
房东急售 东裕华庭 A5户型带车位 115万 高楼层,110,12248元/m²,3室2厅,89m²,低层(共32层),近地铁配套成熟繁华地段
地铁口琅琴湾 205万包车位满两年 中间楼层采光足 诚售保看,205,24481元/m²,3室2厅,83m²,中层(共32层),近地铁配套成熟品质小区
距离地铁口大江之星，3房2卫87方，178万！！配套成熟,178,20460元/m²,3室2厅,87m²,高层(共22层),近地铁配套成熟品质小区
钱塘新区7号地铁站口 琅琴湾 210万 好楼层 带车位,210,24402元/m²,3室2厅,86m²,高层(共32层),近地铁安全性高品质小区
宋都新宸悦府 地铁口包车位170万！！诚心出售 学屈近,170,19101元/m²,3室2厅,89m²,中层(共18层),近地铁品质小区
宋都丽郡园 205万西边套带车位采光足 房东急售 随时看！,205,23034元/m²,3室2厅,89m²,高层(共18层),配套成熟繁华地段品质小区
保利像素全新精装三房，全明户型，拎包入住，中间楼层，诚心急卖,201,22534元/m²,3室2厅,89m²,中层(共18层),南北通透
下沙西地铁口 精装湖景loft公寓 户型方正 全明采光,75,18409元/m²,1室1厅,40m²,中层(共22层),近地铁繁华地段品质小区
滨江大江之星 地铁口 高楼层 户型超正气 三开朝南 随时看房,175,20115元/m²,3室2厅,87m²,中层(共22层),近地铁繁华地段品质小区
钱塘新区 地铁口 品质小区 大江之星 房东诚心出售 价格可谈,176,19775元/m²,3室2厅,89m²,中层(共26层),近地铁次新小区品质小区
诚信急售 70年产 豪华装修大3房带车位 外地人可买 可落,71,8049元/m²,3室2厅,88m²,高层(共23层),南北通透环境优美
龙湖物业小户型 60方精装修两房 天街旁 高楼层 景观房,103,19434元/m²,1室2厅,53m²,中层(共42层),南北通透
绿城品质.首付64万.双地铁口交汇处，享有天街商圈.一线湖景,128,26981元/m²,1室1厅,47m²,中层(共22层),
地铁口 大江源著 包车位高楼层 3房2卫 随时看房 品质小区,200,22472元/m²,3室2厅,89m²,高层(共22层),近地铁配套成熟品质小区
宋都丽郡 10楼以上 送车位 位置好 200万 实价！,200,22472元/m²,3室2厅,89m²,中层(共18层),近地铁配套成熟品质小区
急售 地铁口琅琴湾 一梯一户89方送车位 205万！,205,22803元/m²,3室2厅,89m²,中层(共32层),近地铁环境优美安全性高
东裕华庭 送车位 高楼层 89方三房两厅 随时签约 房源实发,114,12739元/m²,3室2厅,89m²,中层(共33层),素质住户安全性高品质小区
东郡之星 房东包大税 中高楼层 有钥匙 价格可谈,201,22508元/m²,3室2厅,89m²,高层(共31层),采光好拎包入住视野好
175万，价到房东就签约，无虚价。随时看房，诚售,175,20000元/m²,3室2厅,87m²,中层(共18层),
宋都新宸悦府 89方带车位 中高楼层 房东急售170万！,170,19101元/m²,3室2厅,89m²,高层(共18层),配套成熟繁华地段品质小区
(新)铭和苑 2室2厅1卫 简装婚房自住 全明户型 带车位,168,22587元/m²,2室2厅,74m²,高层(共13层),南北通透环境优美
"金沙湖畔 柠檬郡三房,客厅带阳台 纯毛坯!诚售可谈!有钥匙!",252,28119元/m²,3室2厅,89m²,低层(共29层),近地铁南北通透
钱塘新区核心地段 河庄大江之星 3房2卫 双阳台 价格保真,173,19438元/m²,3室2厅,89m²,中层(共25层),近地铁配套成熟品质小区
河庄地铁口 大江之星175万 品质小区 好楼层三房两厅,175,20115元/m²,3室2厅,87m²,中层(共18层),近地铁配套成熟繁华地段
"大学城北,次新房,精装修,拎包入住,启源房,价格可面谈",201,22526元/m²,3室2厅,89m²,中层(共33层),南北通透
三房两卫  景观房 全明户型 南北通透 采光好,220,24044元/m²,3室2厅,91m²,中层(共34层),
急售 地铁口宋都丽郡国际 89方送车位205万 随时看房！,205,23034元/m²,3室2厅,89m²,中层(共18层),近地铁配套成熟繁华地段
宋都丽郡国际 89方包车位200万 楼层好 诚售！,200,22472元/m²,3室2厅,89m²,中层(共18层),近地铁交通便利繁华地段
175万，价到房东就签约，无虚价。随时看房，诚售 八号线地铁,175,20000元/m²,3室2厅,87m²,中层(共18层),配套成熟繁华地段品质小区
龙湖三期新出边套三房 南北通透 出门就是天街D铁口交通便利,359,41000元/m²,3室2厅,87m²,高层(共26层),近地铁配套成熟环境优美
地铁口 大江之星 208万 东边套 带车位 随时看房！,208,23371元/m²,3室2厅,89m²,高层(共23层),
保利像素全新精装3房 全明户型 拎包入住 中间楼层 诚心急卖,178,19955元/m²,3室2厅,89m²,高层(共18层),南北通透
宋都东郡中间楼层东边套 精装80万 全新装修 房东诚售送车位,215,23982元/m²,3室2厅,89m²,高层(共31层),次新小区交通便利素质住户
保利像素精装修  纯边套 高楼层  视野采光好 房东诚卖,204,22770元/m²,3室2厅,89m²,高层(共33层),南北通透
福雷德广场 精装地铁旁公寓 装修保养好 景观楼层 房东诚售,59,12447元/m²,1室1厅,47m²,高层(共30层),近地铁配套成熟品质小区
城市果岭 简单装修 夹东边套 两房朝南客厅朝东 得房率高,220,24780元/m²,3室2厅,88m²,中层(共29层),主卧朝南远离马路安全性高
大都文苑风情下沙小户型精装修1室1厅1卫户型舒适度价低,104,21941元/m²,1室,47m²,高层(共24层),近地铁近学校南北通透
河庄地铁站口 大江源著 200万 带车位 中高楼层 高品质,200,22472元/m²,3室2厅,89m²,中层(共22层),
泰美国际 精装修公寓 下沙西地铁口旁 户型方正 诚心出售,96,20000元/m²,1室1厅,48m²,中层(共22层),
泰美国际 精装修公寓 下沙西地铁口旁 户型方正 诚心出售,85,19318元/m²,1室1厅,44m²,高层(共22层),
泰美国际 朝南直视金沙湖 楼层高 采光好 精装修 诚售,89,18542元/m²,1室1厅,48m²,高层(共22层),
低总价 绿城财通中心 金沙湖品质公寓，精装修平层，诚心出售,90,18138元/m²,1室1厅,49m²,中层(共27层),近地铁配套成熟繁华地段
绿城品质，精装修拎包入住，物美上面，紧邻地铁，金沙湖畔。,88,17735元/m²,1室1厅,49m²,中层(共27层),拎包入住配套成熟品质小区
标题,价格,均价,房子大小,总面积,楼层,优点
业主急售！精装修loft调高5米！复式公寓送车位！通燃气！,65,10833元/m²,2室2厅,60m²,中层(共18层),配套成熟交通便利安全性高
小户型复式房，精装loft，通燃气，带阳台，送车位，免 税房,52,8667元/m²,2室1厅,60m²,中层(共18层),南北通透近地铁配套成熟
保利东湾精装2房，一线江景视野好，全明户型多房朝南，房东急售,148,24455元/m²,2室2厅,60m²,高层(共32层),配套成熟环境优美品质小区
"文汇苑精装五房,东边套,文海读书,旁边地铁市都有",400,21834元/m²,5室2厅,183m²,低层(共18层),近地铁繁华地段品质小区
首付低至14万起，精装全配，包租3000，独立产证，带车位i,45,13235元/m²,2室2厅,34m²,中层(共20层),近地铁配套成熟繁华地段
急急急，捡漏首付20万 送绿城物业加车位，精装住宅房，包税费,65,17105元/m²,1室1厅,38m²,中层(共15层),近地铁配套成熟品质小区
现房！被称为杭州的陆家嘴！钱塘新区一线沿金沙湖的精装成品公寓,150,25000元/m²,2室2厅,60m²,高层(共20层),新房房源
宋都东郡国际。精装两房。拎包入住。双阳台。房东诚售,188,27631元/m²,2室2厅,68m²,中层(共32层),
（新上）现房!杭州的陆家嘴，希尔顿酒店50米 一线金沙湖景房,150,25000元/m²,2室2厅,60m²,中层(共20层),新房房源南北通透
（新上）现房!杭州的陆家嘴，希尔顿酒店50米 一线湖景房,150,25000元/m²,2室2厅,60m²,中层(共20层),新房房源南北通透
果岭新出刚需大两房，保养新，户型正，您值得拥有,190,24020元/m²,2室2厅,79m²,中层(共30层),双阳台田园风拎包入住
总价50万 首付成15万 外地人可买 产权七十年 购房可落户,50,13158元/m²,1室2厅,38m²,高层(共15层),近地铁配套成熟品质小区
伊萨卡豪装大两房，纯边套，南北通，房屋请专家设计大师鉴房,228,25432元/m²,2室2厅,89m²,高层(共33层),近地铁南北通透拎包入住
德信早城 新上诚售 首付3成 刚需两房必选 近地铁 拎包入住,200,38513元/m²,2室1厅,51m²,高层(共18层),近地铁近学校南北通透
景冉新出好房 全新二十五万装修 随时看房 置换降价急卖,185,29198元/m²,2室2厅,63m²,中层(共30层),近地铁南北通透
换房急售房源|家具家电全送|还带一个产权车库|钥匙在手随时看,63,13125元/m²,2室2厅,48m²,中层(共22层),南北通透房型正环境优美
全新装修15万，房东定好房子，急售，随时看房！送家具送车库,71,12909元/m²,2室2厅,55m²,中层(共33层),配套成熟繁华地段品质小区
这视野！这采光！这通透！简直是绝了！！看房还方便，有钥匙！！,201,22712元/m²,2室2厅,88m²,高层(共34层),南北通透环境优美品质小区
"全新装修 可!优先享受文海,好房就此一套来电看房",182,28990元/m²,2室1厅,62m²,高层(共30层),近地铁
保利东湾 精装舒适大两房，拎包入住，随时看房，采光无阻挡,180,29557元/m²,2室2厅,60m²,低层(共32层),南北通透
东郡之星三期 精装22万 拎包入住 硅藻泥墙面 客厅榻榻米,182,26749元/m²,2室2厅,68m²,中层(共32层),南北通透
卖的是地段！地段 可做写字楼酒店公司总部 金沙湖景精装修现房,100,20121元/m²,2室2厅,49m²,中层(共18层),近地铁南北通透
新上好房，宝龙广场，3房精装修，高租金，大学城商圈配套，诚卖,67,15238元/m²,3室1厅,43m²,中层(共23层),
东郡国际锦湾 送21平方 双阳台 23万精装全送 刚需两房！,185,27190元/m²,2室2厅,68m²,高层(共32层),南北通透配套成熟交通便利
东郡国际锦湾两室两厅双阳台  房东置换诚售  家电家具全送,185,26788元/m²,2室2厅,69m²,中层(共34层),南北通透配套成熟交通便利
首付3成 车位5年物业费 LOFT公寓  双地铁500米,54,13171元/m²,2室1厅,41m²,高层(共23层),复式房房型正拎包入住
海天城 学正精装三房 中间楼层 中心位置  随时看房,249,26554元/m²,2室2厅,93m²,高层(共31层),近地铁南北通透
中豪七格 周边配套齐全 租金可观  自住皆可 拎包入住,78,18868元/m²,3室1厅,41m²,高层(共23层),安全性高繁华地段品质小区
总价低70年产权房 外地人可买首付22万 送车位 可落户上学,75.8,9475元/m²,2室2厅,80m²,高层(共19层),南北通透交通便利品质小区
房东深夜挂牌急售 繁华地带 租金3500 无需社保 产清晰,30,15000元/m²,2室2厅,20m²,高层(共12层),配套成熟交通便利素质住户
低总价，独立产证，通燃气，送车位，可用公积金，民用水电，复式,19,8261元/m²,2室1厅,23m²,中层(共17层),素质住户安全性高繁华地段
钱塘新区 精装2房 复式公寓 双钥匙户型 民用水电 产证齐全,27.5,8333元/m²,2室1厅,33m²,高层(共15层),近地铁配套成熟繁华地段
下沙一手写字楼公寓现房 公寓写字楼 地段好  专,150,14286元/m²,3室2厅,105m²,高层(共20层),南北通透
哇！K ！真的首付9万，还不限购，产权归属清晰，房东急售！,30,10345元/m²,2室2厅,29m²,中层(共14层),近地铁配套成熟繁华地段
新上精装修大两房，保养很好，可读文海，文泽路地铁口500米！,195,24568元/m²,3室1厅,79m²,中层(共30层),近地铁南北通透
德信早城 环境优美 采光无忧 业主自住简装 预约诚售,202,34607元/m²,1室2厅,58m²,中层(共18层),近地铁近学校南北通透
多蓝水岸好楼层大三房采光好无遮挡满五低总价诚心出售价格可谈,318,22319元/m²,3室2厅,142m²,高层(共11层),近地铁南北通透
多蓝水岸 三开间朝南 60万自住精装修 南北通透 诚心出售,340,24187元/m²,3室2厅,140m²,高层(共11层),近地铁三房朝南欧式风
首付12万 精装修复式公寓 无需社保，外地人可买，送车位,41.5,10122元/m²,2室2厅,41m²,中层(共22层),近地铁配套成熟环境优美
高租金！带包租！主急卖！精装修二房，高层采光好，拎包入住！！,53.1,9833元/m²,2室1厅,54m²,中层(共18层),南北通透环境优美素质住户
地铁一号线金沙湖，外地人可买，无需社保，采光户型好的精装两房,71,11953元/m²,2室2厅,59m²,中层(共21层),配套成熟交通便利繁华地段
投姿自住达东东城包租4500|送精装家电拎包入住价格可议,52.9,10601元/m²,2室2厅,49m²,高层(共22层),南北通透近地铁环境优美
地铁口精装 经济实用房 周围配套成熟 环境优美 适宜居住,54.5,11596元/m²,2室2厅,47m²,高层(共22层),南北通透小户型环境优美
东郡之星 已满两年 中高楼层 双阳台 有钥匙 价格可谈,156,22449元/m²,2室2厅,69m²,高层(共31层),南北通透配套成熟品质小区
观澜时代云邸，四房精装太跃层，房东诚心出售卖，低市场价20万,378,20218元/m²,4室2厅,186m²,高层(共33层),南北通透环境优美繁华地段
世茂大五房！还有一个超大阳光房！！东边套，南北通透！,420,22445元/m²,4室2厅,187m²,中层(共33层),近地铁三房朝南品质小区
世茂瑞景湾 大弧形阳台大四房 精装40万！急！有钥匙 随时看,420,22445元/m²,4室2厅,187m²,中层(共33层),近地铁景观房拎包入住
价格真实！！！世茂二期 近地铁 精装修40万 房东诚心出售的,390,20842元/m²,4室2厅,187m²,中层(共33层),近地铁南北通透拎包入住
晨光国际东边套大四房 南北通透 中高楼层 品质小区 好房诚售,360,26210元/m²,4室2厅,137m²,中层(共42层),近地铁南北通透环境优美
景冉佳园 急卖急卖 文海小两房 带硬装 随时看房 诚心卖,190,30264元/m²,2室2厅,62m²,高层(共26层),近地铁交通便利品质小区
世茂二期，精装大四房，一线江景 纯边套，南北通透，看房有钥匙,450,24049元/m²,4室2厅,187m²,中层(共33层),近地铁南北通透
景冉佳园简装小两房！配套齐全！地铁口！交通便利！房东诚心卖！,188,30042元/m²,2室2厅,62m²,高层(共32层),近地铁小户型厅带阳台
景冉佳园 新上两房 性价比高 总价低 属于文海上学 高楼层,188,30042元/m²,2室2厅,62m²,高层(共32层),近地铁两房朝南房型正
御观邸  100w精装 新加坡进口石材 秒杀！！！,380.5,29066元/m²,4室2厅,130m²,低层(共32层),近地铁南北通透
金沙湖壹号 龙湖天街旁  跃层4米8层高  带大阳台 诚售,128,19309元/m²,4室2厅,66m²,中层(共28层),近地铁
新出房源，宋都晨光稀有四房户型，装修50万现自住，地铁口边套,348,25337元/m²,4室2厅,137m²,高层(共42层),近地铁
盛泰名都中心 环境优美 采光无忧 业主自住 预约诚售,56,12174元/m²,1室1厅,46m²,中层(共28层),南北通透环境优美
盛泰名都中心 文泽地铁口旁 位置繁华 房子好 出租租金高,56,12163元/m²,1室1厅,46m²,中层(共28层),
降价5万！近期脱手！酒店管理！物美对面！次新小区！产权齐全,66,12692元/m²,1室1厅,52m²,中层(共28层),南北通透环境优美
万豪国际！首付20万！降价10万急卖！ 精装修交付！尾款以清,65,15476元/m²,1室1厅,42m²,高层(共30层),南北通透环境优美
标题,价格,均价,房子大小,总面积,楼层,优点
东郡国际 超大双阳台 送一个车位再送24万精装修 价可谈！,190,27925元/m²,2室2厅,68m²,中层(共32层),南北通透配套成熟交通便利
城市果岭 置换大四房 精装全送 户型正气,390,21031元/m²,4室2厅,185m²,高层(共33层),
东郡国际 大户型 四室两厅两卫 自住精装带车位,365,26340元/m²,4室2厅,138m²,低层(共33层),
盛泰开元名都，精装酒店式公寓，白领上班族优选,75,16290元/m²,1室1厅,46m²,中层(共28层),配套成熟交通便利品质小区
房东置换 可议价 精装修 不限购  拎包入住 近地铁 送车位,44,8800元/m²,1室2厅,50m²,中层(共18层),近地铁近学校送车位
泰美国际精装公寓！一线湖景！金沙湖板块！厅室分明！地铁口！,160,17715元/m²,1室2厅,90m²,中层(共22层),近地铁环境优美繁华地段
下沙奥特莱斯旁 和达自由港 精装两室1厅 以租养贷无压力诚心,46,16429元/m²,2室1厅,28m²,高层(共11层),南北通透环境优美
外地人可买！直降8万！包租3千！可上学！无需社保！送家电车位,36.3,8643元/m²,1室1厅,42m²,中层(共18层),近地铁配套成熟繁华地段
龙湖星座精装公寓出售，房朝正南景观房，楼下地铁，楼层好景观好,125,23585元/m²,1室1厅,53m²,中层(共40层),近地铁安全性高繁华地段
泰美国际大厦 超大广角飘窗 西南边套  两房 绿城物业,178,19708元/m²,1室2厅,90m²,中层(共22层),配套成熟环境优美繁华地段
天街旁锦湖家园 自住精装修小两房 全明采光全通透户型诚意出售,160,26667元/m²,2室1厅,60m²,高层(共10层),近地铁配套成熟品质小区
来电立减4万！无需社保！外地人首付仅需2成！随时看房！有钥匙,72,12000元/m²,2室2厅,60m²,高层(共11层),主卧朝南客厅朝南两房朝南
钱塘新区 急卖保利 精装公寓 保养全新 江景无遮挡 南北通透,90,12500元/m²,2室2厅,72m²,中层(共33层),近地铁配套成熟环境优美
地铁口 周边配套齐全 简单装修配家电 拎包入住 房东诚心出售,84,13333元/m²,2室1厅,63m²,高层(共18层),近地铁配套成熟次新小区
金沙湖壹号公寓诚心出售 跃层户型可办公开公司 看房有钥匙,150,20796元/m²,2室2厅,72m²,中层(共22层),近地铁繁华地段品质小区
现房！被称为杭州的陆家嘴！钱塘新区一线沿金沙湖的精装成品公寓,150,25000元/m²,2室2厅,60m²,中层(共20层),新房房源送家电拎包入住
龙湖滟澜星座精装公寓诚售，配套成熟，金沙湖D出口，两室一厅,180,24000元/m²,2室1厅,75m²,高层(共42层),近地铁安全性高繁华地段
急售！！金沙湖边标志性建 全景落地窗 下面就是地铁口，天街边,140,22672元/m²,1室1厅,61m²,高层(共42层),近地铁交通便利繁华地段
这户型！这视野！这得房率！！点进来就对了！都超出你的想象！！,330,20717元/m²,4室2厅,159m²,高层(共33层),近地铁南北通透品质小区
城市果岭纯毛胚！挑高楼层！车位！4阳台钥匙房！全线景观房！,299,21681元/m²,4室2厅,137m²,低层(共34层),安全性高繁华地段品质小区
保利东湾  纯东边套户型 中间楼层 江景房有钥匙 送二十方,320,23648元/m²,4室2厅,135m²,中层(共33层),南北通透
宋都晨光国际 186方超大毛坯 四房两卫哦 房东说价格可谈,460,24668元/m²,4室2厅,186m²,高层(共42层),近地铁主卧朝南采光天井
保利跃层，得房率高达百分之120！！大四房，高品质居住！,300,26814元/m²,4室2厅,111m²,中层(共33层),配套成熟环境优美品质小区
中外公寓 新上大四房，南北通透，房东诚售，双阳台景观房,400,33187元/m²,4室2厅,120m²,中层(共26层),近地铁配套成熟环境优美
西边套 东裕华庭 楼层好 边套房子 130万 房东诚心在售,130,11070元/m²,4室2厅,117m²,中层(共32层),安全性高繁华地段品质小区
保利东湾 全新精装80万大四房 没住过全阳台 一线江景无遮挡,425,22378元/m²,4室2厅,189m²,中层(共32层),南北通透繁华地段品质小区
"晨光四房186方433万,可再谈边套南北通透,,总价低近地铁",433,23220元/m²,4室2厅,186m²,高层(共42层),近地铁主卧朝南三房朝南
"世茂江滨花园纯边套大四房,税,送车位,价格还能谈",270,20121元/m²,4室2厅,134m²,中层(共33层),近地铁南北通透
新上金沙湖壹号 天街旁 精装使用面积120方 拎包可住置换急,109,18167元/m²,4室2厅,60m²,中层(共19层),近地铁南北通透
新出温馨小户型 楼层视野广阔 采光充足 房东诚心卖 看房方便,65,13830元/m²,1室1厅,47m²,中层(共26层),近地铁素质住户繁华地段
盛泰名都 西边套标准四房 户型方正 客厅主卧带阳台,350,25362元/m²,4室2厅,138m²,低层(共30层),近地铁南北通透
70年产权无下沙大学城北一线江景 三房两卫加书房,218,20116元/m²,4室2厅,108m²,高层(共34层),南北通透
房东出国急售 低于市场价太多 大三房地铁口 低总价 一线江景,290,22594元/m²,4室1厅,128m²,高层(共33层),近地铁配套成熟繁华地段
保利开发！稀 缺景观！近40平面积！全新装修80万全！,328,23825元/m²,4室2厅,137m²,高层(共34层),景观房繁华地段品质小区
江语海新上小三房！自住精装修！中上楼层一线江景！视野开阔！,275,34727元/m²,3室2厅,79m²,中层(共33层),近地铁环境优美繁华地段
西边套 南北通透 小区东南亚风情 金沙湖地铁站1.3公里,380,28379元/m²,3室2厅,133m²,高层(共29层),近地铁配套成熟繁华地段
梦琴湾急售大三房，精装自住，配套成熟，江景地铁样样俱全,302,24018元/m²,3室2厅,125m²,中层(共29层),近地铁配套成熟品质小区
房东含泪挂牌急售，外地人可买，送车位家电，对口学區，欢迎来电,69,9452元/m²,3室2厅,73m²,中层(共18层),送家电送车位品质小区
新出好房 伊萨卡国际城 户型正气 精装修 江景大三房 诚心卖,280,22016元/m²,3室2厅,127m²,低层(共34层),近地铁
大江东 不一样的2房 带电梯 高层豪华装修 实图拍摄 學区房,133,21803元/m²,2室1厅,61m²,高层(共11层),两房朝南中国风配套成熟
房东急售|可议价20万|赠送储物间|全龄段学房|外地人可落户,62,10333元/m²,3室2厅,60m²,中层(共18层),南北通透近地铁环境优美
保真实房，海天城，楼层，价格，户型，难得好房，,330,25019元/m²,3室2厅,131m²,中层(共28层),近地铁环境优美交通便利
保利精装修3房  房东诚心卖  看中价格可以谈  中间楼层,165,21236元/m²,3室2厅,77m²,中层(共18层),
诚售！龙湖滟澜山 轻奢欧式精装100万 家具家电全送！可看房,427,32057元/m²,3室2厅,133m²,高层(共33层),近地铁繁华地段品质小区
新出伊萨卡 大三房 户型方正 纯边套 交通生活便利,260,22847元/m²,3室2厅,113m²,中层(共18层),近地铁
下沙江滨站 自住精装三房两厅 低总价 好楼层 方便看房,275,24925元/m²,3室2厅,110m²,中层(共33层),近地铁安全性高繁华地段
新出好房 D1顶跃 大跃层80平南北大露台 空中别墅 便宜卖,435,20631元/m²,5室1厅,210m²,高层(共11层),近地铁南北通透
城市果岭 毗邻高尔夫球场，精装全送拎包入住，价格可谈，双阳台,216,27307元/m²,2室2厅,79m²,中层(共34层),大平层繁华地段品质小区
文海景观房！精装20万全！三口之家！次新小区！配套齐全！,258,32580元/m²,2室2厅,79m²,中层(共34层),近地铁环境优美次新小区
柠檬郡家园 2房2厅2卫3阳台，可做4房，中间楼层采光无遮挡,300,28064元/m²,2室2厅,106m²,中层(共28层),近地铁安全性高繁华地段
急售！柠檬郡 满两年 刚需两房 近邵逸夫 金沙湖,200,29287元/m²,2室2厅,68m²,高层(共26层),近地铁环境优美繁华地段
柠檬郡家园  刚需两房 采光好  可观江景 业主诚售,225,32933元/m²,2室1厅,68m²,高层(共26层),近地铁配套成熟繁华地段
急抛！无需社保！近地铁丨70年产权丨精装修丨外地人可买可落户,66.5,10391元/m²,2室2厅,64m²,中层(共18层),交通便利繁华地段品质小区
世茂广场 好楼层  纯毛坯 可做两房 有钥匙 随时方便看房,90,13235元/m²,1室2厅,68m²,中层(共28层),南北通透
景冉佳园，文海教育，无，已满五，目前空置，随时看房价可谈,165,26282元/m²,2室2厅,62m²,高层(共26层),近地铁南北通透
天街商圈，上品楼层，南北通透，地铁X区房，一线湖景房,298,37655元/m²,2室2厅,79m²,高层(共23层),南北通透
柠檬郡精装两房 背后就是银泰 户型方正 南北通透 采光好,203,29726元/m²,2室1厅,68m²,高层(共26层),近地铁配套成熟繁华地段
赠送15平！房东急售！地铁口！投姿必选！精装三房！实房实拍！,51.9,8650元/m²,2室2厅,60m²,中层(共18层),近地铁交通便利繁华地段
70年产权。首付100000，比市场价低120000。精装修,63.5,18149元/m²,2室2厅,35m²,中层(共18层),近地铁配套成熟品质小区
柠檬郡家园  精装两房 中上楼层 采光好 可看江景 急售 ！,200,29287元/m²,2室1厅,68m²,高层(共26层),近地铁配套成熟繁华地段
标题,价格,均价,房子大小,总面积,楼层,优点
随时网签，不是起拍价，外地人可买，首付12万，产证清晰不限购,45.4,12597元/m²,2室2厅,36m²,中层(共18层),近地铁配套成熟繁华地段
临近地铁 交通方便 全明户型 包组四千 以租养贷 车位赠送,78,12000元/m²,2室2厅,65m²,中层(共20层),南北通透配套成熟繁华地段
精装修70年产权 |低总价|可落户上学|配套成熟 外地人可买,58,9355元/m²,2室2厅,62m²,中层(共18层),南北通透近地铁环境优美
！地铁口精装loft，挑高5米，可以租养贷，月租4000,65,17568元/m²,2室2厅,37m²,高层(共25层),近地铁
没毛病！丽轩76方大两房 无税，中间楼层，全天采光性价比高！,285,37392元/m²,2室2厅,76m²,中层(共25层),南北通透
首付8万 落户大杭州 不限购 独立产权 无税费 月供低,26,8000元/m²,2室1厅,32m²,中层(共21层),配套成熟繁华地段品质小区
70年产权住宅  精装修 送车位 无需社保 不限购外地人可买,48,14118元/m²,2室2厅,34m²,高层(共24层),近地铁配套成熟繁华地段
新上龙湖滟澜山 精装两房 业主置换诚卖随时可看 价格可谈 急,200,33333元/m²,2室1厅,60m²,中层(共23层),南北通透
（已上门验证）真实在售 首付20万 30平 对口云小启中,71.7,24810元/m²,2室2厅,28m²,中层(共25层),南北通透
伊萨卡，房东自住精装修，江景房，南北通透，房东诚心出售,175,26701元/m²,2室2厅,65m²,中层(共33层),近地铁南北通透
专做保利三房两厅两卫 双阳台一线江景 南北通透 ！,265,25596元/m²,3室2厅,103m²,高层(共34层),卫浴全明素质住户品质小区
西边套 纯毛坯的 景观房 全明户型 交通便利 小区环境好,375,27759元/m²,3室2厅,135m²,高层(共29层),近地铁配套成熟繁华地段
东海柠檬郡 新出大3房 中间楼层 客厅带阳台 房东诚心出售,380,28129元/m²,3室2厅,135m²,高层(共32层),近地铁环境优美交通便利
西边套 纯毛坯的 景观房 全明户型 交通便利 小区环境好,375,27759元/m²,3室2厅,135m²,高层(共29层),近地铁配套成熟繁华地段
世茂江滨花园峻景湾 改善大三房 东边套 直视钱塘江 带车位,320,23778元/m²,3室2厅,134m²,中层(共30层),近地铁繁华地段品质小区
伊萨卡新出三房 总价低 一线江景房 全明户型 交通便利,290,22594元/m²,3室2厅,128m²,高层(共32层),近地铁
下沙江滨站 好户型 近一号线 出行方便 看房方便 随时可以约,285,22205元/m²,3室2厅,128m²,高层(共33层),近地铁安全性高繁华地段
无税丨外地人可买丨豪华装送家电丨首付三成丨南北通透丨送车位急,59,8310元/m²,3室2厅,71m²,中层(共20层),南北通透送家电送车位
新上空中别墅！全新豪华装修100万！一线江景 大跃层 随时看,420,20298元/m²,3室2厅,206m²,中层(共33层),近地铁跃层式视野好
龙湖133房大面积住宅 纯毛坯自由装修 采光带墨镜 诚心出售,500,39237元/m²,3室2厅,127m²,中层(共22层),南北通透
保利东湾急卖房！全新精装修100万！从未入住！装修风格清新！,480,22393元/m²,5室2厅,214m²,高层(共32层),南北通透繁华地段品质小区
新上好房 全新豪装大跃层 从没住过 中间楼层 一线江景价可谈,455,21989元/m²,3室2厅,206m²,中层(共33层),近地铁配套成熟次新小区
急急 龙湖滟澜山 新出精装好房 低于市场价30万 房东诚心卖,488,36928元/m²,3室2厅,132m²,中层(共21层),近地铁繁华地段品质小区
东海柠檬郡 可做4房 精装当毛坯卖 原始户型3阳台 房东诚心,310,27930元/m²,3室2厅,110m²,低层(共31层),近地铁南北通透
宝龙城市广场 下沙大学城旁 双地铁口 精装现房loft高租金,115,17424元/m²,3室2厅,66m²,中层(共22层),南北通透配套成熟品质小区
天元边套大三房，动静分离，南北通透，学正，诚心出售！,240,17612元/m²,3室2厅,136m²,中层(共20层),近学校交通便利素质住户
双地铁口 单价1.4万公寓写字楼可做酒店公司总部 清盘钜惠,210,14000元/m²,3室2厅,150m²,中层(共18层),南北通透
城市果岭 东边套 送车位 60万全新豪装 中高楼 有钥匙,356.8,25906元/m²,5室2厅,137m²,高层(共34层),南北通透
精装修 大金空调 进口装修 房东诚心卖 价格看中就不是问题,635,19832元/m²,6室3厅,320m²,高层(共32层),近地铁景观房带阁楼
全新装修 可拎包入住！优先享受文海教育，好房就此一套来电看房,172,28100元/m²,2室1厅,61m²,中层(共20层),近地铁南北通透
无税丨外地人可买丨豪华装送家电丨首付三成丨南北通透丨送车位急,52,8667元/m²,2室2厅,60m²,中层(共18层),南北通透送家电送车位
70年产权住宅 租金3300 南北通透 以租养贷 完 美选择,68,10000元/m²,2室2厅,68m²,中层(共18层),近地铁配套成熟交通便利
东郡之星 月底满二 价格含车位 中高楼层 有钥匙 看中可谈,168,24169元/m²,2室2厅,69m²,高层(共31层),南北通透
景冉佳园文海读书 二室二厅 精装修 看房随时 欢迎咨询,179,29244元/m²,2室2厅,61m²,中层(共32层),近地铁
绿城新上豪装120万大五房！一线江景！配套齐，楼下就是健身房,540,20826元/m²,5室2厅,259m²,低层(共33层),近地铁美式风拎包入住
泰美国际 朝南直视金沙湖 精装修 客卧分离 送私人大露台,120,17647元/m²,1室1厅,68m²,高层(共22层),拎包入住
保利一期新上房源！！豪装100万硬装！5阳台！一线江随时可看,489,22813元/m²,5室2厅,214m²,高层(共32层),拎包入住视野好环境优美
豪装100万 全新装修没住过 东边套 全线江景无遮挡,485,22627元/m²,5室2厅,214m²,高层(共32层),配套成熟环境优美次新小区
龙湖二期，大平层边套，187方甩卖房源，保。,600,32070元/m²,1室1厅,187m²,低层(共28层),近地铁次新小区素质住户
房东在美国创业，急需回笼资金 ，所以降价急卖，钥匙在我这里,165.5,25252元/m²,1室1厅,65m²,中层(共34层),近地铁配套成熟繁华地段
房东在美国创业，急需回笼资金 ，所以降价急卖，钥匙在我这里,166,25328元/m²,1室1厅,65m²,中层(共34层),近地铁
（担保真实） 御观邸 大五房 近地铁 近学校 精装修 急售！,398,30354元/m²,5室2厅,131m²,高层(共32层),近地铁南北通透
泰美国际大厦 两室一厅做公司或者自住都方便 精装拎包入住,139,17651元/m²,2室2厅,78m²,中层(共22层),近地铁繁华地段品质小区
赠送19平 层高6米 包租4500 送精装带车位 无需社保,48.6,22091元/m²,2室2厅,22m²,中层(共19层),近地铁配套成熟繁华地段
下沙四季广场，全明户型，近地铁，精装修loft公寓，配套齐全,103,17167元/m²,2室1厅,60m²,中层(共22层),配套成熟繁华地段品质小区
急售赠送20平精装修挑高6米通煤气带阳台租金6000,41,13667元/m²,2室2厅,30m²,高层(共25层),近地铁配套成熟繁华地段
投姿必选 来电减8万 包租4千 送车位 首付10万 精装入住,40,12121元/m²,2室2厅,33m²,中层(共22层),近地铁配套成熟交通便利
投姿手选宝龙城市广场近地铁包租4500送精装拎包入住价格可议,47,14462元/m²,2室1厅,32m²,中层(共24层),配套成熟交通便利安全性高
投姿必选 来电减5万 送车位 首付12万 送家具 拎包入住,43.9,11865元/m²,2室2厅,37m²,中层(共21层),近地铁配套成熟交通便利
投姿必选 来电减5万 送车位 包租5千 精装入住 总价可议,34,12143元/m²,2室2厅,28m²,中层(共21层),近地铁交通便利繁华地段
钱塘新区 龙湖春江天越 精装公寓 不限 购 产证齐全 可看房,37.2,24800元/m²,2室1厅,15m²,高层(共19层),近地铁配套成熟品质小区
月租4千 地铁口精装修层高5.8米   产证齐全无税通燃气,29,9063元/m²,2室2厅,32m²,高层(共21层),近地铁近学校交通便利
泰美国际 下沙西地铁口 精装跃层 总价低 俯瞰金沙湖全景,136,17270元/m²,2室2厅,78m²,中层(共22层),近地铁繁华地段品质小区
龙湖滟澜星座2房75平，精装修业主诚心急售随时看房，租金高,175,29167元/m²,2室1厅,60m²,中层(共23层),近地铁繁华地段品质小区
精装公寓龙湖滟澜星座 朝北临天街 众享生活 地铁口旁 出行好,130,19697元/m²,1室1厅,66m²,中层(共42层),近地铁繁华地段品质小区
和达城 物美成熟商圈 精装 拎包入住 文泽站50米,65,17587元/m²,1室,36m²,中层(共30层),近地铁繁华地段品质小区
龙湖滟澜星座 天街对面 楼下金沙湖站 统一精装 租住皆可,118,19109元/m²,1室1厅,61m²,低层(共42层),近地铁配套成熟繁华地段
金沙湖地铁口精装公寓，一线湖景房，直通天街，月租金4000起,130,19778元/m²,1室1厅,65m²,中层(共42层),近地铁繁华地段品质小区
铭和苑 精装两房 边套户型 交通便利 拎包入住 业主置换诚售,196,23300元/m²,2室2厅,84m²,低层(共18层),配套成熟交通便利品质小区
东海柠檬郡 新出精装3房 中间楼层 客厅带阳台 房东诚心出售,256,28735元/m²,3室2厅,89m²,低层(共26层),近地铁交通便利素质住户
标题,价格,均价,房子大小,总面积,楼层,优点
钱塘新区丨通地铁7号线丨首付12万丨价还可谈丨送家电,48.8,8873元/m²,2室2厅,55m²,中层(共15层),近地铁交通便利品质小区
刚需必选，头姿必看，总价超低，外地可买，可落户上学，送精装修,46,10698元/m²,2室2厅,43m²,中层(共13层),近地铁配套成熟繁华地段
郡原蓝湖国际 70年产权  可落户上学 产权清晰 外地人可买,48,9796元/m²,2室2厅,49m²,中层(共12层),近地铁繁华地段品质小区
高层通透可揽月，小桥流水可见鱼，梦幻人家醉红尘，买房请找我,42,8936元/m²,2室2厅,47m²,中层(共15层),近地铁配套成熟繁华地段
地铁口800米，无需社保，精装现房拎包入住，送车位，包税急售,49.8,9765元/m²,2室2厅,51m²,中层(共15层),近地铁配套成熟品质小区
首付16万 精装两房 可落户可上学 房东换置 无税 急售可谈,51,10581元/m²,2室2厅,48m²,中层(共16层),近地铁南北通透环境优美
首付20万，70年产权住宅房，精装修，送车位，急售！,62,10690元/m²,2室2厅,58m²,中层(共12层),配套成熟品质小区
壹号新城 首付15万 产权归属清晰 不限购不限贷 外地人可买,51,8644元/m²,2室2厅,59m²,中层(共16层),近地铁配套成熟繁华地段
首付80000，比市场价低70000。产证齐全，精装修带租约,49.7,10981元/m²,2室2厅,45m²,中层(共16层),近地铁配套成熟品质小区
精装两房 不限购 可落户 送精装修家电齐全 即买即租 江干区,57,13571元/m²,2室2厅,42m²,中层(共17层),南北通透房型正拎包入住
70年产权。满五惟一。房东包税。产证齐全可落户。业主亲自委托,48.6,10635元/m²,2室2厅,45m²,中层(共16层),近地铁配套成熟品质小区
无需社保不限购，出售邻里中心精装2房，首付只需18万,59,12553元/m²,2室2厅,47m²,中层(共17层),近地铁配套成熟品质小区
七十年产权住宅，首付10万，外地人可买可上学，可落户，可贷款,37,7400元/m²,2室2厅,50m²,中层(共15层),配套成熟交通便利繁华地段
70年产权，外地人可买，以租养贷，包租4000，精装带车位,48,11429元/m²,2室2厅,42m²,中层(共17层),近地铁繁华地段品质小区
70年产权 郡原蓝湖国际 可落户上学 产权清晰 外地人可买。,44.9,9761元/m²,2室2厅,46m²,中层(共12层),近地铁配套成熟繁华地段
首付10万，70年产权住宅，外地人可买可落户可上学，精修房!,45.5,8750元/m²,2室2厅,52m²,中层(共15层),南北通透配套成熟品质小区
高沙文渊大厦 房东急售 空气清新 首付可分期 带装修 和车位,38,8444元/m²,2室2厅,45m²,中层(共17层),近地铁繁华地段品质小区
首付10万，包租3600，地铁口 通燃气 水电民用 产证齐全,44.5,10595元/m²,2室2厅,42m²,中层(共12层),近地铁配套成熟繁华地段
金沙湖公园旁，宜住宜投，近地铁，无需社保，不限购不限贷，无税,49.2,9840元/m²,2室2厅,50m²,中层(共15层),近地铁配套成熟品质小区
首付10万 挑高6米 精装无税 名校环绕 产证清晰 家电齐全,48.9,11372元/m²,2室2厅,43m²,中层(共15层),配套成熟繁华地段品质小区
房贷利上调，考虑买房子的可以来抢，精装两房，产权清晰，急售！,48,9231元/m²,2室2厅,52m²,中层(共17层),近地铁配套成熟品质小区
包办落户 值得拥有 无稅 租金4千 无需社保 产证清晰 精装,37.8,8217元/m²,2室2厅,46m²,中层(共16层),近地铁繁华地段品质小区
（包税）70年住宅！首付12万！精装两房！送家居 家电,43,9773元/m²,2室2厅,44m²,低层(共12层),南北通透送家电品质小区
(无需社保） 经典2房，三证齐全，首付10w，近地铁口可看！,45,10000元/m²,2室2厅,45m²,中层(共16层),近地铁配套成熟繁华地段
首付17万，价格可谈，70年独立产权，产证清晰，可落户可上学,69,16429元/m²,2室2厅,42m²,低层(共16层),近地铁南北通透送车位
1号线300米，首付13万，70年独立产权，可谈，非诚勿扰,70,13462元/m²,2室2厅,52m²,低层(共16层),南北通透送车位品质小区
房东含泪急抛！70年产权精装，外地买无需社保！可落户送产证！,45,9574元/m²,2室2厅,47m²,低层(共15层),送家电拎包入住配套成熟
投姿客必看，70年产权，无需社保，可落户，买房送装修送车位！,45,10976元/m²,2室2厅,41m²,低层(共12层),近地铁繁华地段品质小区
惊爆价！16万首付，租金4000元，赠送16平方，70年产权,44,7857元/m²,2室2厅,56m²,低层(共12层),配套成熟素质住户繁华地段
70年产权住宅丨可落户上学丨无需社保丨品质小区配套成熟丨急售,68.3,7674元/m²,3室2厅,89m²,低层(共13层),南北通透环境优美繁华地段
地铁口 精装修 包租5K 无需社保 外地人可买！可落户上学！,51,11333元/m²,1室2厅,45m²,低层(共12层),近地铁送家电拎包入住
1号线下沙金融学院，首付可12万，商品房住宅可落户，产证清晰,71,12456元/m²,2室2厅,57m²,中层(共15层),近地铁配套成熟繁华地段
急售无税房源 首付12万 地铁口 精装三房 带车位，配套成熟,48,11348元/m²,3室2厅,42m²,中层(共15层),田园风送车位近地铁
降价急售 在建地铁 70年产权 精装两房 可落户上学 送阳台,74,9250元/m²,3室2厅,80m²,中层(共15层),南北通透配套成熟繁华地段
（世贸广场地铁口）包租3600！南北通透|精装修拎包入住|,48,12000元/m²,2室1厅,40m²,中层(共14层),配套成熟交通便利繁华地段
正常过户 包租4千 精装复式5.2米 上下两层上下双阳台,63,12000元/m²,2室1厅,52m²,中层(共17层),南北通透配套成熟品质小区
无需任何费用！优选挂牌！首付12万！对外地人无限制！可以托管,45,8654元/m²,2室2厅,52m²,中层(共13层),近地铁繁华地段品质小区
金沙湖地铁口500米，特价出售，精装修现房，无需社保，不限购,48,10667元/m²,2室2厅,45m²,中层(共15层),近地铁配套成熟品质小区
地铁300米，月租金5千，挑高6米，赠送10平，精装修带车位,66.6,15857元/m²,2室2厅,42m²,中层(共16层),近地铁配套成熟繁华地段
首付14万，精装修送车位，进地铁，商场，学校。,45,9574元/m²,2室2厅,47m²,中层(共15层),南北通透近地铁配套成熟
赠23平丨房东生意资金断裂丨低于市场价25万出售丨精装送车位,40,8000元/m²,3室2厅,50m²,中层(共11层),近地铁繁华地段品质小区
急售！70年产权 萧山产业园 豪华精装修 可落户上学 送阳台,70,7936元/m²,3室2厅,88m²,中层(共11层),近地铁配套成熟品质小区
首付15万，产证齐全，无需社保，70年精装住宅，包税，可落户,52,9455元/m²,3室2厅,55m²,中层(共7层),独立电梯近地铁繁华地段
新挂牌 房东降价12万急售 70年产权住宅 买房可落户上学,44,10280元/m²,3室2厅,42m²,中层(共8层),南北通透送车位近地铁
首付6万入户杭州 产证齐全可落户上学 赠送家电 车位一个,50,8929元/m²,3室2厅,56m²,中层(共8层),独立电梯近地铁繁华地段
清雅苑 精装修大四房  物业成熟 居住舒适 直接入住,345,21625元/m²,4室2厅,159m²,低层(共12层),近地铁近学校
急售！70年产权 萧山产业园 豪华精装修 可落户上学 送阳台,70,7936元/m²,3室2厅,88m²,中层(共6层),近地铁配套成熟品质小区
外地人可买 精装小两房 南北通透 配套成熟 性价比高房东惜售,47,10419元/m²,2室2厅,45m²,共4层,南北通透近地铁配套成熟
震惊！首付12万买精装两房丨助您落户杭州丨告别租房时代丨无税,38,9500元/m²,2室2厅,40m²,中层(共11层),近地铁繁华地段品质小区
地铁口，大润发，银泰，学校！挥泪狠出！房主急需变现好房特卖.,56,13333元/m²,2室1厅,42m²,共5层,近地铁配套成熟品质小区
东部之星 下沙文泽文海双地铁口 全杭地铁口低单价 现房,88,15172元/m²,3室2厅,58m²,低层(共25层),新房房源南北通透
赠小阁楼！首付15万！精装两房带产权车位！近地铁！配套齐全！,59,10727元/m²,2室2厅,55m²,低层(共8层),送家电拎包入住配套成熟
精装修包租5年，月租金可达3800.不用出门即可享受红包福利,47.3,8855元/m²,2室2厅,53m²,中层(共9层),配套成熟次新小区品质小区
房东急售 产证齐全 可落户上学 精装住宅 随时看房 拎包入住,70,7936元/m²,2室2厅,88m²,高层(共7层),南北通透繁华地段品质小区
(无需社保） 经典2房，三证齐全，首付12w，近地铁口可看！,43.7,9165元/m²,2室2厅,47m²,中层(共11层),送车位拎包入住近地铁
户型正气 银泰商圈 装修清爽 采光无忧 生活配套齐全 诚售.,73,13036元/m²,2室2厅,56m²,中层(共8层),送家电拎包入住配套成熟
首付三成，70年产权精装修住宅，南北通透配套成熟，可落户上学,55,10577元/m²,2室2厅,52m²,中层(共8层),独立电梯近地铁繁华地段
房东急卖！刚需必买，无需社保，楼下就是商城，娱乐商务齐全！！,49,11395元/m²,2室2厅,43m²,中层(共10层),近地铁配套成熟繁华地段
铭和苑 新出房源精装两房，基本没住人，现房东着急脱手,201,22498元/m²,2室2厅,89m²,中层(共11层),主卧朝南客厅朝南两房朝南
万达广场旁，两成首付，无需社保，70年产权住宅，送精装送车位,65,13830元/m²,2室1厅,47m²,低层(共11层),近地铁繁华地段品质小区
标题,价格,均价,房子大小,总面积,楼层,优点
东部之星 下沙文泽文海 双地铁口 全杭地铁口 低单价 准现房,100,17241元/m²,3室2厅,58m²,低层(共25层),南北通透
首付13万  急售 精装LOFT 送家具家电 独立产权可议价,43,9149元/m²,2室2厅,47m²,高层(共16层),南北通透
龙湖滟澜星座 金沙湖地铁口精装修一室 房东诚心出售,126,23560元/m²,1室1厅,53m²,低层(共42层),南北通透
东郡之星 户型方正，小区新,202,22689元/m²,3室2厅,89m²,低层(共32层),
下沙物美西子阳光星城 七十年产权住房 买房即可落户 投姿出租,61,9242元/m²,2室2厅,66m²,低层(共15层),近地铁近学校配套成熟
（房源真实）紧邻文泽口，隶属文海，带阳台，落户杭州不二选择。,115,22257元/m²,1室1厅,51m²,中层(共17层),近地铁近学校独立电梯
新上铭都雅苑 高沙地铁口 大两房 首付3成 阳台 采光好,258,29761元/m²,2室2厅,86m²,低层(共18层),近地铁南北通透
地铁口 低总价刚需房 大江之星  品质小区 房东诚售,162,20250元/m²,2室2厅,80m²,低层(共23层),近地铁配套成熟品质小区
地铁口600米 没双税  直降30万  精装 在金沙湖上班,150,20167元/m²,2室2厅,74m²,高层(共13层),南北通透
江干区 地铁口 精装修大三房 中国铁建保利像素 产权清晰,185,22724元/m²,3室2厅,81m²,中层(共30层),南北通透
纯毛坯 双阳台户型！有钥匙 低于市场价10万 诚心出售,213,24257元/m²,2室2厅,87m²,低层(共33层),近地铁南北通透
刚上房源中间楼层 总价210主急需用钱价格接受签字,198,22197元/m²,3室2厅,89m²,中层(共18层),南北通透
保利品质 地铁口 精装修 正三房 中国铁建保利像素 产权清晰,180,20155元/m²,3室2厅,89m²,中层(共23层),南北通透
70年产权|首付20万|外的人可买|不限购|民用水电|交通好,69,13800元/m²,2室2厅,50m²,中层(共15层),交通便利品质小区
全新精装家具家电全送保养很好总价315万业主诚心卖看房随时,315,22428元/m²,3室2厅,140m²,中层(共11层),近地铁配套成熟次新小区
新荷坊 精装大两房 纯边套 送大阳台 看中可大谈！！,185,21995元/m²,2室2厅,84m²,中层(共18层),南北通透
铭和苑新荷坊新出精装两房 南北通透 楼层好 全明户型诚心出售,180,20293元/m²,2室2厅,88m²,中层(共18层),南北通透
房东自住 精装修大两房 采光好 位置佳 南北通透 花园中心,190,23053元/m²,2室2厅,82m²,中层(共33层),拎包入住安全性高品质小区
东郡之星 ，大两房，诚心出售，南北通透,185,26661元/m²,2室2厅,69m²,低层(共31层),
首付16万 独立产权 随时过户 精装修送车位 外地人不限购,52,9943元/m²,2室2厅,52m²,高层(共16层),南北通透送车位环境优美
龙湖滟澜星座 天街旁 金沙湖地铁 高品质精装公寓 拎包入住,150,28064元/m²,1室1厅,53m²,高层(共42层),南北通透
(文海)裕园公寓|精装修得房|南北通透|诚心卖|配套齐全,95,24987元/m²,1室1厅,38m²,低层(共7层),近地铁近学校
滟澜园  地铁126米 刚需房  降20万  房东在楼下开店,186,31062元/m²,1室2厅,59m²,中层(共22层),南北通透
中国铁建保利像素 9月底精装交付 低总价 全新装修大三房,193,21685元/m²,3室2厅,89m²,中层(共33层),南北通透次新小区交通便利
（精）保利像素  三室二卫 全新装修 拎包入住 楼层采光好,193,21685元/m²,3室2厅,89m²,中层(共33层),采光好拎包入住视野好
中国铁建保利像素 9月底精装交付 低总价 全新装修大三房,193,21629元/m²,3室2厅,89m²,中层(共33层),南北通透次新小区交通便利
（新）保利像素 3室2卫 东边套  全新装修 拎包入住！！！,195,21910元/m²,3室2厅,89m²,中层(共33层),采光好拎包入住视野好
金色和庄 精装两房两厅 采光通透 装修清爽 居家换房的好选择,77,12419元/m²,2室2厅,62m²,中层(共8层),近地铁配套成熟繁华地段
首付三成！产齐全送车位，外地人可买，70年产权，可落户上学,72,11077元/m²,2室2厅,65m²,中层(共7层),南北通透环境优美
下沙大学城 地铁口住宅 首付低总价低无需社保可落户 以租养贷,39,11143元/m²,2室2厅,35m²,中层(共6层),配套成熟交通便利繁华地段
爆款房源，香榭里洋房西边套好楼层，三房朝南满2年，看中价可谈,258,20494元/m²,3室2厅,125m²,低层(共9层),近地铁近学校
文海房地铁费纯毛坯简陋一套超大阳台接受按揭楼层中间看房随时,380,29103元/m²,3室2厅,130m²,中层(共9层),近地铁环境优美次新小区
（担保真实） 清雅苑 大4房 上文海 精装修 房东降价20万,300,19089元/m²,3室2厅,157m²,高层(共6层),近地铁近学校配套成熟
"文海房源四季风景苑,大两室户型方正 南北通透采光好 配套完善",195,22248元/m²,2室2厅,87m²,中层(共33层),近地铁近学校南北通透
急卖!保利玫瑰湾 135方大四房 就在东部湾基地旁边价格可谈,330,24067元/m²,4室2厅,137m²,低层(共33层),南北通透
急卖!保利玫瑰湾 135方大四房 就在东部湾基地旁边价格可谈,350,25823元/m²,4室2厅,135m²,低层(共33层),南北通透
朗诗国际 大四房 三恒科技 四季如春 全明户型 纯边套,499,28294元/m²,4室2厅,176m²,低层(共32层),近地铁大开间位置安静
金沙湖景精装现房公寓 地铁口600米 龙湖天街银泰距零离,80,19465元/m²,2室2厅,41m²,中层(共20层),近地铁南北通透
（担保真实） 御观邸 精装修 近地铁 近学校 房东急售 可谈,385,29410元/m²,4室3厅,130m²,低层(共32层),近地铁南北通透
"滨江开发商,联排,大江东发展地块,融沪接杭,湾区大盘展示",445,21190元/m²,5室2厅,210m²,共5层,新房房源南北通透
下沙一手写字楼公寓现房 公寓写字楼 地段好 联系我享团购价,80,15094元/m²,3室2厅,53m²,中层(共25层),南北通透
盛泰名都中心 文泽地铁口旁 位置繁华 房子好 出租租金高,76,11816元/m²,2室2厅,64m²,低层(共20层),南北通透近地铁配套成熟
首付6万 可用公积金 独立产证 可落户上学 赠送车位一个,12.8,12800元/m²,2室1厅,10m²,中层(共20层),近地铁配套成熟次新小区
不限购首付11万 地铁口租金高 精装复式送软装 拎包入住,34.5,16429元/m²,2室2厅,21m²,中层(共10层),近地铁配套成熟交通便利
70住宅 近地铁口，配套齐全，繁华地段，送车位，公积金贷款,59.9,9215元/m²,2室2厅,65m²,低层(共48层),带车库近地铁素质住户
外地人可买|首付三城|无需社保|无税精装修|南北通透|送车位,45,7500元/m²,2室2厅,60m²,低层(共21层),独立电梯近地铁品质小区
地铁口  租金5000  随时看  产证在手  精装,27,10000元/m²,1室2厅,27m²,中层(共18层),南北通透
杭州主城区  精装高端住宅， 三房 拎包入住,220,24719元/m²,3室2厅,89m²,中层(共33层),新房房源南北通透小户型
盛泰名都刚需全明户型，南北通透，文海读书老物美商圈,207,23258元/m²,3室2厅,89m²,中层(共18层),近地铁配套成熟环境优美
新出！精欧荣寓 文海读书 精装大两房 超大阳台 看房方便诚售,205.1,23467元/m²,3室2厅,87m²,高层(共33层),近地铁南北通透
"全新精装修交付楼盘,大三房 中国铁建保利像素 产权清晰",200,22321元/m²,3室2厅,89m²,高层(共33层),新房房源南北通透
"新挂牌 中层 开发商精装修 包税,一手现房从未住人,有证",165,18539元/m²,3室2厅,89m²,高层(共34层),南北通透
保利精装修一手现房，不用摇号，不用交税，只剩两套小面积,175,21515元/m²,3室2厅,81m²,中层(共33层),新房房源配套成熟环境优美
金沙湖壹号 龙湖天街对面，loft公寓，配套齐全，交通方便,120,20000元/m²,3室2厅,60m²,中层(共19层),近地铁南北通透
东海柠檬郡 新出精装3房 中间楼层 客厅带阳台 房东诚心出售,288,32341元/m²,3室2厅,89m²,中层(共26层),近地铁交通便利素质住户
和达城 89方精装大三房 纯东边套 楼下直通地铁 简约装修,265,29789元/m²,3室2厅,88m²,中层(共26层),南北通透
"房源真实,地铁口,纯毛坯,听涛房,钱塘新区下沙江滨,诚心卖",305,22343元/m²,3室2厅,136m²,低层(共42层),近地铁南北通透
杭州碧桂园。精装三房纯边套。带车位。房东诚心出售 安心物业,208.5,23403元/m²,3室2厅,89m²,高层(共33层),南北通透
大学城北89方3方精装修35万房东自住拎包入住,200,22309元/m²,3室2厅,89m²,中层(共33层),南北通透
碧桂园，大三房，三阳台，精装修,230,25817元/m²,3室2厅,89m²,高层(共32层),素质住户安全性高品质小区
标题,价格,均价,房子大小,总面积,楼层,优点
东郡国际  新上精装大三房带车位 楼层采光视野好,245,27831元/m²,3室2厅,88m²,高层(共33层),近地铁
全新精装30万边套三室两厅两卫，楼层好，位置佳,210,23430元/m²,3室2厅,89m²,高层(共32层),南北通透
碧桂园 三房 自住精装修 拎包入住 三口之家好房源,210,25610元/m²,3室2厅,82m²,中层(共31层),近地铁
70年产权|首付20万|外地人可买|送20万豪装|房东包税|,79,10000元/m²,3室2厅,79m²,高层(共12层),南北通透交通便利品质小区
诚售！70年产权 精装送车位 附赠15平 外地户可买 可上学,56,10182元/m²,2室2厅,55m²,中层(共22层),配套成熟交通便利繁华地段
"钱塘新区,景冉佳园,文海,送20万精装,配套齐全,可看江景房",170,28639元/m²,2室2厅,59m²,高层(共28层),近地铁南北通透
抛售70年产权住宅家具家电低首付豪华装修车位 品质小区,48,11163元/m²,2室2厅,43m²,低层(共32层),近地铁配套成熟次新小区
首付16万！增送20平！无需社保外地人可买！包租!租金4k！,40,8889元/m²,2室2厅,45m²,中层(共19层),拎包入住配套成熟繁华地段
房东急售！无需社保 外地可买 捡漏必看 买到就是赚到 送精装,47,11750元/m²,2室2厅,40m²,高层(共11层),近地铁主卧朝南配套成熟
澜轩二期新上自住精装两房中间楼层采光好房东诚心出售,170,28348元/m²,2室2厅,59m²,中层(共22层),近地铁繁华地段品质小区
抛|70年产权住宅|可落户上学|具电全送配套成熟|可议价,70,12281元/m²,2室2厅,57m²,中层(共18层),南北通透配套成熟环境优美
急急急，房东出国地价出售，送精装修家电，地铁口可落户上学。,70,7865元/m²,2室2厅,89m²,中层(共20层),南北通透近地铁配套成熟
投姿优选（无需社保）精装loft 挑高5米，以租养贷双收入,43,10750元/m²,2室2厅,40m²,中层(共32层),近地铁配套成熟繁华地段
和达城 2房2厅 精装20多万 楼层好 地铁口,230,27062元/m²,2室2厅,84m²,中层(共26层),南北通透
龙湖滟澜山 跃层精装两房 拎包入住 地铁旁 毗邻天街 诚售,298,36493元/m²,2室2厅,81m²,中层(共24层),近地铁配套成熟品质小区
这装修是真的好！！点进来看就对了！豪华装修两房！！,229,25658元/m²,2室2厅,89m²,低层(共33层),近地铁繁华地段品质小区
和达城住宅 新出精装大两房 中间楼层 全明户型 拎包即可入住,250,29415元/m²,2室2厅,84m²,中层(共26层),南北通透
碧桂园 新上 两房 房东自住精装修 楼层好  有车位,220,26683元/m²,2室2厅,82m²,中层(共32层),
碧桂园  新上房源 精装修两房 客厅大阳台 可读书 欢迎看房,210,25610元/m²,2室2厅,82m²,高层(共31层),近地铁
东郡之星 大两房，诚心出售,175,25061元/m²,2室2厅,69m²,低层(共25层),南北通透
下沙一手公寓现房 双地铁交通 大学城旁  联系我享团购价,98,16897元/m²,2室2厅,58m²,高层(共20层),新房房源南北通透配套成熟
钱塘新区 8号线地铁口 滨江大江之星 房东急售  价格可谈,178,20000元/m²,3室2厅,89m²,高层(共23层),三房朝南近地铁品质小区
新上保利像素 精装边套3房2卫 业主诚卖 精装交付,200,22472元/m²,3室2厅,89m²,高层(共34层),采光好拎包入住视野好
保利像素 开发商退出房源 免所有税费！！！只剩几套，先到先得,210,23472元/m²,3室2厅,89m²,中层(共28层),新房房源小区中心环境优美
东海未名园 满两年|文海|文泽路D出口|小面积住宅|诚售,125,24178元/m²,1室1厅,51m²,中层(共18层),近地铁近学校南北通透
大都文苑风情 70年住宅  刚需一室非公寓 自主朝南 采光好,125,24272元/m²,1室1厅,51m²,高层(共24层),近地铁近学校南北通透
8号线地铁口 大江之星87方205万送车位 业主急售！,205,23563元/m²,3室2厅,87m²,中层(共23层),近地铁交通便利品质小区
御观邸精装40万LOFT 保养好 楼层好 满2年 价格可谈,387,43444元/m²,3室2厅,89m²,中层(共33层),近地铁南北通透
前所未又的价格！！刚需三房，投字自住都适合,200,22520元/m²,3室2厅,88m²,高层(共33层),两房朝南素质住户品质小区
保利像素 品质物业 精装修 3房2卫 诚心出售 价格可谈,200,22422元/m²,3室2厅,89m²,中层(共33层),南北通透
安居客热门房源 首付17万可落户杭州 急卖送车位送装修 包税,55,16667元/m²,1室1厅,33m²,中层(共15层),近地铁配套成熟品质小区
精装LOFT公寓，首付10万，房东诚信出售，价格可以商量！！,55,15714元/m²,2室2厅,35m²,低层(共21层),独立电梯近地铁品质小区
贱卖，贱卖，首付20万可免息分期 精装送家具 通燃气，包税费,65,17568元/m²,1室1厅,37m²,中层(共15层),近地铁配套成熟品质小区
和达湖畔中心，现房首开，高逼格湖景公寓，坐揽亚运会水上项目,145,24167元/m²,2室2厅,60m²,中层(共25层),新房房源南北通透
钱塘新区核心区 天街旁 高品质小区配套龙湖物业 精装自住两房,190,31667元/m²,2室2厅,60m²,高层(共22层),南北通透
东郡国际新出精装修大两房 非常诚心卖 价格可谈 看房方便,185,27190元/m²,2室2厅,68m²,中层(共30层),
保利品质 精装大两房，双阳台江景房 诚心出售 送22万装修,198.5,25095元/m²,2室2厅,79m²,中层(共34层),南北通透
（房源真实）名都公寓，精装两房，家电家具全送，房东置换，急售,185,24294元/m²,2室2厅,76m²,高层(共33层),近地铁主卧朝南客厅朝南
价格调整！降价20万！精装两房！南北通透！首付3层！8成新！,246,29750元/m²,2室2厅,82m²,中层(共33层),南北通透环境优美
急急急，金沙湖一线湖景公寓，地铁100米，房东出国底价出售。,130,14444元/m²,3室2厅,90m²,高层(共20层),近地铁南北通透配套成熟
钱塘新区金沙湖板块 精装自住三房 周边配套齐全 房东诚售价格,165,19617元/m²,2室2厅,84m²,中层(共18层),南北通透
钱塘新区 东裕华庭 可做三房 100万 好楼层 采光视线好,100,11138元/m²,2室2厅,89m²,高层(共32层),
金沙国际 精装loft公寓 包租5k 有产证 可过户 可看房,45.7,13441元/m²,2室1厅,34m²,高层(共17层),近地铁送家电品质小区
中豪七格 精装修LOFT公寓 房东诚心出售价格可谈,80,15686元/m²,2室2厅,51m²,中层(共26层),安全性高繁华地段品质小区
轻轨旁一手公寓 30到80万 三证齐全 楼下沿街金铺 双钥匙,80,16000元/m²,2室2厅,50m²,中层(共18层),新房房源近地铁配套成熟
德信早城 环境优美 采光无忧 业主自住简装 预约诚售,202,34607元/m²,1室2厅,58m²,中层(共18层),近地铁近学校南北通透
近地铁口 精装小户型 龙湖物业 总层高42层,103,19252元/m²,1室1厅,53m²,低层(共42层),南北通透
急售 首付9万 精装LOFT  产权清晰  挑高5.3可议价,58.3,12404元/m²,2室2厅,47m²,中层(共21层),南北通透近地铁配套成熟
来电可低5万！首付1.5成起！可立马过户！可落户，可上学~！,85,12500元/m²,2室1厅,68m²,中层(共23层),南北通透环境优美繁华地段
世茂江滨花园 精装50万带车位 采光好 视野好 一线江景房,270,20146元/m²,4室2厅,134m²,中层(共33层),近地铁南北通透
保利精装修3房  房东诚心卖  看中价格可以谈  中间楼层,165,21178元/m²,3室2厅,77m²,中层(共18层),配套成熟环境优美次新小区
伊萨卡 中层观江 希缺珍品 直观钱塘江全景 江景房,310,24489元/m²,3室2厅,126m²,高层(共34层),近地铁南北通透
地铁口好房！龙湖滟澜山！奢华欧式风 弄弄书香气！天街旁好房！,427,32057元/m²,3室2厅,133m²,高层(共33层),近地铁繁华地段品质小区
金沙湖地铁口  置换降价20万  满二  南北通透 随时看,64.5,9175元/m²,2室2厅,70m²,中层(共22层),南北通透
东部国际 金沙湖核心位置 精装 龙湖天街旁 配套齐 生活便利,95,15728元/m²,1室2厅,60m²,中层(共19层),小户型拎包入住
宋都东郡之星。新上好房。全新精装修。标准两房。拎包即可入住。,170.5,24568元/m²,2室2厅,69m²,中层(共31层),南北通透
"景冉佳园小区,自住精装修,两房,文海学,房东外地发展急卖。",175,27620元/m²,2室2厅,63m²,高层(共26层),近地铁配套成熟交通便利
伊萨卡国际城 一号线江滨站200米 学正教育 低于市场20万,166,25601元/m²,2室1厅,64m²,中层(共34层),近地铁南北通透环境优美
外地人可买！品质小区！可上学！配套成熟！南北通透！近地铁,8.8,8800元/m²,2室2厅,10m²,中层(共18层),近地铁配套成熟次新小区
龙湖滟澜山 精装修两房 拎包入住看房方便 到价可谈 诚心出售,203,33833元/m²,2室1厅,60m²,高层(共22层),南北通透
标题,价格,均价,房子大小,总面积,楼层,优点
城市果岭 精装两房 南北通透 全明户型 诚心出售,218,27560元/m²,2室2厅,79m²,中层(共31层),
东郡国际锦湾  精装两房  小区环境好。诚心  欢迎看房,168,24691元/m²,2室2厅,68m²,高层(共32层),南北通透
东海未名园 环境优美 采光无忧 业主自住装修 预约诚售,170,22360元/m²,1室1厅,76m²,高层(共18层),近地铁近学校南北通透
军工品质东边套 未入住 阳光满屋 大阳台 随时看房 售！,490,22858元/m²,5室2厅,214m²,高层(共32层),南北通透
（刚需必看）首付25万 送车位  可落户 可上学 包税,47.4,13941元/m²,1室1厅,34m²,中层(共20层),近地铁南北通透环境优美
宝龙跃层 20万精装修 自带商业综合体 双地铁 涨幅空间大,120,18462元/m²,3室1厅,65m²,中层(共22层),近地铁配套成熟交通便利
九堡精装修公寓，近地铁口，复式LOFT，包租3千起，以租养贷,58,9063元/m²,2室2厅,64m²,中层(共22层),南北通透近地铁配套成熟
泰美国际 精装修公寓 下沙西地铁口旁 户型方正 诚心出售,130,19118元/m²,1室1厅,68m²,高层(共22层),
繁华地段|品质小区|南北通透|交通便利|配套成熟|环境优美|,90,10588元/m²,3室2厅,85m²,中层(共13层),近地铁配套成熟安全性高
你基本上找不到这么大的四房 如你是刚需 那你快联系我 就一套,77,7858元/m²,4室2厅,97m²,中层(共13层),配套成熟交通便利繁华地段
地铁口旁 不限购住宅 70年产权 精装两房 南北通透 送车位,81,18890元/m²,2室2厅,42m²,中层(共12层),近地铁南北通透配套成熟
（精装3房楼层好位置佳）诚心出售精装婚房 可小刀 随时看房,52,9306元/m²,3室2厅,55m²,低层(共12层),安全性高繁华地段品质小区
距离地铁口200米，可落户上学送产权车位，包租，租金4500,46,8679元/m²,3室2厅,53m²,中层(共15层),南北通透近地铁繁华地段
公积金可贷款，首付3成，双地铁口，低总价低首付，过渡必备,75.8,14577元/m²,3室2厅,52m²,中层(共17层),
惊爆价！不限购不限贷，首付100000起，外地可买，可落户,41,8723元/m²,3室2厅,47m²,中层(共13层),近地铁配套成熟繁华地段
非诚勿扰！70年产权，外地可买，价格可议，可落户上学，送精装,44,7857元/m²,3室2厅,56m²,中层(共15层),近地铁配套成熟繁华地段
（新增急售房源！）房东诚心转手！价格可商！包税精装8成新3房,48.9,11372元/m²,3室2厅,43m²,低层(共15层),拎包入住近地铁品质小区
婚期将，业主洒泪抛售地铁精装房，外地可买，产证齐全买可出租,48.9,11372元/m²,3室2厅,43m²,中层(共15层),近地铁配套成熟次新小区
急售|70年产权|首付20万|带车库|三证齐全|外地人可落户,74,7552元/m²,3室2厅,97m²,中层(共17层),近地铁繁华地段品质小区
锦绣学府急售！！！外地人可买，可落户上学，不限购不限贷,76.8,8706元/m²,3室2厅,88m²,中层(共12层),近地铁配套成熟繁华地段
急售，低总价，外地人可买可落户，精装修！产权清晰买即过户,69,7500元/m²,3室2厅,92m²,中层(共17层),近地铁繁华地段品质小区
非诚勿扰，地铁口70年产权住宅，落户杭州，精装送车位，急售!,75,8721元/m²,3室2厅,86m²,中层(共12层),一梯两户送车位繁华地段
城中花园 市中心 近地铁口 南北通透 全明户型 等你来购！！,69,8415元/m²,3室2厅,82m²,中层(共15层),近地铁配套成熟品质小区
繁华地段！品质小区!南北通透！交通便利！配套成熟！环境优美！,100,11765元/m²,3室2厅,85m²,低层(共15层),配套成熟安全性高品质小区
外地可购！落户无税，赠精装修，名校环绕可上学，价钱可议，急售,35,7143元/m²,3室2厅,49m²,低层(共15层),交通便利繁华地段品质小区
房东急售！首付一成！地铁口！无需社保！产证齐全！可落户上学！,41,10250元/m²,2室2厅,40m²,中层(共12层),近地铁繁华地段品质小区
首付20万 外地人不限购 70年产权 南北通2房 价格可谈,64,12800元/m²,2室2厅,50m²,中层(共15层),配套成熟繁华地段品质小区
无需社保，精装修，70年产权，满五，可上学，能落户！,45,10714元/m²,2室2厅,42m²,中层(共15层),近地铁配套成熟交通便利
合理价格无套路，外地可买，看好交钱马上过户，精装修，拎包入住,50,9615元/m²,2室2厅,52m²,中层(共17层),近地铁配套成熟品质小区
（首付15万！可过户！）70年产权住宅！可公积金贷款！无税！,59.6,14900元/m²,2室2厅,40m²,中层(共12层),送车位拎包入住近地铁
无需税费|独立产权|包租4K|拎包入住|豪华装送家电|送车位,50,12500元/m²,2室2厅,40m²,中层(共13层),近地铁南北通透品质小区
地铁口500米，70年产权住宅，无需社保，可落户，精装送车位,48.2,10711元/m²,2室2厅,45m²,中层(共15层),近地铁配套成熟品质小区
金沙湖，房主挂牌，随时看房，产权清晰，7天过户，无抵押，精装,53.5,9907元/m²,2室2厅,54m²,中层(共17层),南北通透近地铁繁华地段
钱塘新区丨通地铁7号线丨首付12万丨价还可谈丨送家电,48.8,8873元/m²,2室2厅,55m²,中层(共15层),近地铁交通便利品质小区
刚需必选，头姿必看，总价超低，外地可买，可落户上学，送精装修,46,10698元/m²,2室2厅,43m²,中层(共13层),近地铁配套成熟繁华地段
郡原蓝湖国际 70年产权  可落户上学 产权清晰 外地人可买,48,9796元/m²,2室2厅,49m²,中层(共12层),近地铁繁华地段品质小区
高层通透可揽月，小桥流水可见鱼，梦幻人家醉红尘，买房请找我,42,8936元/m²,2室2厅,47m²,中层(共15层),近地铁配套成熟繁华地段
地铁口800米，无需社保，精装现房拎包入住，送车位，包税急售,49.8,9765元/m²,2室2厅,51m²,中层(共15层),近地铁配套成熟品质小区
首付16万 精装两房 可落户可上学 房东换置 无税 急售可谈,51,10581元/m²,2室2厅,48m²,中层(共16层),近地铁南北通透环境优美
双地铁口 赠送22平 70年住宅 可落户上学 精装两房 包税,75,17857元/m²,2室2厅,42m²,中层(共15层),近地铁南北通透配套成熟
首付20万，70年产权住宅房，精装修，送车位，急售！,62,10690元/m²,2室2厅,58m²,中层(共12层),配套成熟品质小区
壹号新城 首付15万 产权归属清晰 不限购不限贷 外地人可买,51,8644元/m²,2室2厅,59m²,中层(共16层),近地铁配套成熟繁华地段
首付80000，比市场价低70000。产证齐全，精装修带租约,49.7,10981元/m²,2室2厅,45m²,中层(共16层),近地铁配套成熟品质小区
房东急售首付15万 赠13平 外地人可买 无需社保 送车位,48.8,9569元/m²,2室2厅,51m²,中层(共15层),近地铁交通便利繁华地段
精装两房 不限购 可落户 送精装修家电齐全 即买即租 江干区,57,13571元/m²,2室2厅,42m²,中层(共17层),南北通透房型正拎包入住
无需社保买杭州新区住宅，单价低于市场价，地铁口500米，无税,45.2,8692元/m²,2室2厅,52m²,中层(共15层),近地铁配套成熟品质小区
70年产权。满五惟一。房东包税。产证齐全可落户。业主亲自委托,48.6,10635元/m²,2室2厅,45m²,中层(共16层),近地铁配套成熟品质小区
无需社保不限购，出售邻里中心精装2房，首付只需18万,59,12553元/m²,2室2厅,47m²,中层(共17层),近地铁配套成熟品质小区
七十年产权住宅，首付10万，外地人可买可上学，可落户，可贷款,37,7400元/m²,2室2厅,50m²,中层(共15层),配套成熟交通便利繁华地段
70年产权，外地人可买，以租养贷，包租4000，精装带车位,48,11429元/m²,2室2厅,42m²,中层(共17层),近地铁繁华地段品质小区
70年产权 郡原蓝湖国际 可落户上学 产权清晰 外地人可买。,44.9,9761元/m²,2室2厅,46m²,中层(共12层),近地铁配套成熟繁华地段
首付10万，70年产权住宅，外地人可买可落户可上学，精修房!,45.5,8750元/m²,2室2厅,52m²,中层(共15层),南北通透配套成熟品质小区
高沙文渊大厦 房东急售 空气清新 首付可分期 带装修 和车位,38,8444元/m²,2室2厅,45m²,中层(共17层),近地铁繁华地段品质小区
首付10万，包租3600，地铁口 通燃气 水电民用 产证齐全,44.5,10595元/m²,2室2厅,42m²,中层(共12层),近地铁配套成熟繁华地段
金沙湖公园旁，宜住宜投，近地铁，无需社保，不限购不限贷，无税,49.2,9840元/m²,2室2厅,50m²,中层(共15层),近地铁配套成熟品质小区
首付10万 挑高6米 精装无税 名校环绕 产证清晰 家电齐全,48.9,11372元/m²,2室2厅,43m²,中层(共15层),配套成熟繁华地段品质小区
（婚房装修）70年产权，无需社保，可落户，买房送装修送车位！,41.2,10243元/m²,2室2厅,40m²,低层(共15层),南北通透近地铁繁华地段
房贷利上调，考虑买房子的可以来抢，精装两房，产权清晰，急售！,48,9231元/m²,2室2厅,52m²,中层(共17层),近地铁配套成熟品质小区
包办落户 值得拥有 无稅 租金4千 无需社保 产证清晰 精装,37.8,8217元/m²,2室2厅,46m²,中层(共16层),近地铁繁华地段品质小区
（包税）70年住宅！首付12万！精装两房！送家居 家电,43,9773元/m²,2室2厅,44m²,低层(共12层),南北通透送家电品质小区
标题,价格,均价,房子大小,总面积,楼层,优点
(无需社保） 经典2房，三证齐全，首付10w，近地铁口可看！,45,10000元/m²,2室2厅,45m²,中层(共16层),近地铁配套成熟繁华地段
首付17万，价格可谈，70年独立产权，产证清晰，可落户可上学,69,16429元/m²,2室2厅,42m²,低层(共16层),近地铁南北通透送车位
1号线300米，首付13万，70年独立产权，可谈，非诚勿扰,70,13462元/m²,2室2厅,52m²,低层(共16层),南北通透送车位品质小区
投姿优选（无需社保）精装loft 挑高5米，以租养贷双收入,66,11186元/m²,2室2厅,59m²,低层(共16层),近地铁配套成熟繁华地段
2房2厅1卫70年产权 可落户口上学 独立产权 急售 价可谈,58.9,12532元/m²,2室2厅,47m²,低层(共16层),近地铁环境优美交通便利
房东含泪急抛！70年产权精装，外地买无需社保！可落户送产证！,45,9574元/m²,2室2厅,47m²,低层(共15层),送家电拎包入住配套成熟
房东诚售 首付130000元 70年产权不限购 外地人可买.,55,10000元/m²,2室2厅,55m²,低层(共12层),送家电拎包入住配套成熟
投姿客必看，70年产权，无需社保，可落户，买房送装修送车位！,45,10976元/m²,2室2厅,41m²,低层(共12层),近地铁繁华地段品质小区
惊爆价！16万首付，租金4000元，赠送16平方，70年产权,44,7857元/m²,2室2厅,56m²,低层(共12层),配套成熟素质住户繁华地段
急售 不限购 一线江景房 精装两房 可落户上学 通燃气带车位,65,11607元/m²,2室2厅,56m²,中层(共14层),南北通透配套成熟繁华地段
70年产权住宅丨可落户上学丨无需社保丨品质小区配套成熟丨急售,68.3,7674元/m²,3室2厅,89m²,低层(共13层),南北通透环境优美繁华地段
地铁口 精装修 包租5K 无需社保 外地人可买！可落户上学！,51,11333元/m²,1室2厅,45m²,低层(共12层),近地铁送家电拎包入住
1号线下沙金融学院，首付可12万，商品房住宅可落户，产证清晰,71,12456元/m²,2室2厅,57m²,中层(共15层),近地铁配套成熟繁华地段
急售无税房源 首付12万 地铁口 精装三房 带车位，配套成熟,48,11348元/m²,3室2厅,42m²,中层(共15层),田园风送车位近地铁
降价急售 在建地铁 70年产权 精装两房 可落户上学 送阳台,74,9250元/m²,3室2厅,80m²,中层(共15层),南北通透配套成熟繁华地段
降价急售 在建地铁 70年产权 精装两房 可落户上学 送阳台,67,8375元/m²,3室2厅,80m²,中层(共15层),南北通透配套成熟繁华地段
（世贸广场地铁口）包租3600！南北通透|精装修拎包入住|,48,12000元/m²,2室1厅,40m²,中层(共14层),配套成熟交通便利繁华地段
正常过户 包租4千 精装复式5.2米 上下两层上下双阳台,63,12000元/m²,2室1厅,52m²,中层(共17层),南北通透配套成熟品质小区
无需任何费用！优选挂牌！首付12万！对外地人无限制！可以托管,45,8654元/m²,2室2厅,52m²,中层(共13层),近地铁繁华地段品质小区
金沙湖地铁口500米，特价出售，精装修现房，无需社保，不限购,48,10667元/m²,2室2厅,45m²,中层(共15层),近地铁配套成熟品质小区
地铁300米，月租金5千，挑高6米，赠送10平，精装修带车位,66.6,15857元/m²,2室2厅,42m²,中层(共16层),近地铁配套成熟繁华地段
首付14万，精装修送车位，进地铁，商场，学校。,45,9574元/m²,2室2厅,47m²,中层(共15层),南北通透近地铁配套成熟
助您落户杭州丨外地人可买丨赠送25平丨无税精装丨包租5000,38,8261元/m²,3室2厅,46m²,中层(共11层),近地铁繁华地段品质小区
赠23平丨房东生意资金断裂丨低于市场价25万出售丨精装送车位,40,8000元/m²,3室2厅,50m²,中层(共11层),近地铁繁华地段品质小区
急售！70年产权 萧山产业园 豪华精装修 可落户上学 送阳台,70,7936元/m²,3室2厅,88m²,中层(共11层),近地铁配套成熟品质小区
首付15万，产证齐全，无需社保，70年精装住宅，包税，可落户,52,9455元/m²,3室2厅,55m²,中层(共7层),独立电梯近地铁繁华地段
新挂牌 房东降价12万急售 70年产权住宅 买房可落户上学,44,10280元/m²,3室2厅,42m²,中层(共8层),南北通透送车位近地铁
首付6万入户杭州 产证齐全可落户上学 赠送家电 车位一个,50,8929元/m²,3室2厅,56m²,中层(共8层),独立电梯近地铁繁华地段
清雅苑 精装修大四房  物业成熟 居住舒适 直接入住,345,21625元/m²,4室2厅,159m²,低层(共12层),近地铁近学校
急售！70年产权 萧山产业园 豪华精装修 可落户上学 送阳台,70,7936元/m²,3室2厅,88m²,中层(共6层),近地铁配套成熟品质小区
70年产权  无需社保 包租3500 可落户上学 精装送车位,78.5,8899元/m²,3室2厅,88m²,中层(共9层),南北通透配套成熟次新小区
外地人可买 精装小两房 南北通透 配套成熟 性价比高房东惜售,47,10419元/m²,2室2厅,45m²,共4层,南北通透近地铁配套成熟
震惊！首付12万买精装两房丨助您落户杭州丨告别租房时代丨无税,38,9500元/m²,2室2厅,40m²,中层(共11层),近地铁繁华地段品质小区
地铁口，大润发，银泰，学校！挥泪狠出！房主急需变现好房特卖.,56,13333元/m²,2室1厅,42m²,共5层,近地铁配套成熟品质小区
东部之星 下沙文泽文海双地铁口 全杭地铁口低单价 现房,88,15172元/m²,3室2厅,58m²,低层(共25层),新房房源南北通透
赠小阁楼！首付15万！精装两房带产权车位！近地铁！配套齐全！,59,10727元/m²,2室2厅,55m²,低层(共8层),送家电拎包入住配套成熟
精装修包租5年，月租金可达3800.不用出门即可享受红包福利,47.3,8855元/m²,2室2厅,53m²,中层(共9层),配套成熟次新小区品质小区
房东急售 产证齐全 可落户上学 精装住宅 随时看房 拎包入住,70,7936元/m²,2室2厅,88m²,高层(共7层),南北通透繁华地段品质小区
(无需社保） 经典2房，三证齐全，首付12w，近地铁口可看！,43.7,9165元/m²,2室2厅,47m²,中层(共11层),送车位拎包入住近地铁
户型正气 银泰商圈 装修清爽 采光无忧 生活配套齐全 诚售.,73,13036元/m²,2室2厅,56m²,中层(共8层),送家电拎包入住配套成熟
首付三成，70年产权精装修住宅，南北通透配套成熟，可落户上学,55,10577元/m²,2室2厅,52m²,中层(共8层),独立电梯近地铁繁华地段
房东急卖！刚需必买，无需社保，楼下就是商城，娱乐商务齐全！！,49,11395元/m²,2室2厅,43m²,中层(共10层),近地铁配套成熟繁华地段
地铁7号线 不限购 可落户上学  獨家代理，非诚勿扰！精装,45,10000元/m²,2室2厅,45m²,中层(共8层),送家电送车位近地铁
铭和苑 新出房源精装两房，基本没住人，现房东着急脱手,201,22498元/m²,2室2厅,89m²,中层(共11层),主卧朝南客厅朝南两房朝南
万达广场旁，两成首付，无需社保，70年产权住宅，送精装送车位,65,13830元/m²,2室1厅,47m²,低层(共11层),近地铁繁华地段品质小区
低总价70年产权房 外地人可买首付22万 送车位 可落户上学,70.8,8026元/m²,2室2厅,88m²,中层(共9层),送车位配套成熟品质小区
精装修丨買一层送一层丨适合自租住丨繁华地段丨拎包入住,79,9080元/m²,2室2厅,87m²,中层(共10层),采光好近地铁繁华地段
验真丨品质小区丨实勘豪华装房源丨全送带车位丨可落户上学丨无税,72,8162元/m²,3室2厅,88m²,中层(共11层),南北通透房型正环境优美
大都文苑风情 精装修 多层 2室2厅1卫 房东自住保养好,270,28846元/m²,2室2厅,93m²,中层(共6层),近地铁近学校
大江东核心，70年产权住宅，精装送车位，可落户，对口校区，急,63,8750元/m²,3室2厅,72m²,中层(共14层),一梯两户送车位繁华地段
金色和庄 ！外地人可买 首付14万 另送产权车位 你还犹豫啥,75.9,12650元/m²,3室2厅,60m²,中层(共15层),近地铁繁华地段品质小区
70年产权大江东外地人可买，可落户上学，配套完善，南北通透,56.5,8561元/m²,3室2厅,66m²,中层(共12层),采光好配套成熟安全性高
钱江新区丨地铁7号线在建丨外地人可买丨精装修送家电丨价可谈,67,9306元/m²,3室2厅,72m²,中层(共17层),
首付13万起，无需社保，近地铁口，精装修带车位，可落户上学！,68.5,9136元/m²,3室2厅,75m²,中层(共15层),近地铁近学校南北通透
急售！70年产权，无需社保外地人可买，近地铁，送精装，可落户,45,14063元/m²,3室2厅,32m²,中层(共17层),近地铁繁华地段品质小区
清雅苑 南北通透 大四房，配套齐全，出行方便 。,380,23030元/m²,4室2厅,165m²,低层(共12层),近地铁近学校
清雅苑 大三房 南北通透 精装修 诚心出售,365,26497元/m²,3室2厅,137m²,低层(共17层),近地铁近学校
交通便利！占据重要的位置！价格可谈 首付15万 可落户上,50,8772元/m²,3室2厅,57m²,低层(共21层),大开间带泳池近地铁
首付12w落户杭州！对口名校 三证齐全 配套成熟 一线江景房,76.5,8596元/m²,3室2厅,89m²,中层(共22层),南北通透近地铁配套成熟
吉房出售|首付100000|精装两房|无税无税|家具家电全送,70.8,7996元/m²,3室2厅,88m²,中层(共18层),近地铁配套成熟繁华地段
标题,价格,均价,房子大小,总面积,楼层,优点
"钱塘新区,首付10万，70年住宅,可落户,精装修，带车位",42,13125元/m²,2室2厅,32m²,中层(共17层),近地铁配套成熟繁华地段
金沙湖地铁口，外地人可买，包落户上學，首付15万，拎包入住！,32,10667元/m²,2室2厅,30m²,中层(共16层),近地铁配套成熟繁华地段
大甩卖！！！70年产权，临近地铁口，可落户上学，外地人可买,66.7,9803元/m²,2室2厅,68m²,中层(共16层),南北通透近地铁配套成熟
高沙路地铁口|大学城商业街旁|精装两房|低于市价|外地可买！,38,10270元/m²,2室2厅,37m²,中层(共12层),近地铁交通便利繁华地段
下沙江景房 品质小区丨可落户上学丨外地人可买丨无税精装急售,48,13714元/m²,2室2厅,35m²,中层(共16层),近地铁配套成熟繁华地段
外地可买 火爆房源 房主急售 70年产权 精装两房 南北通透,79,13167元/m²,2室2厅,60m²,中层(共12层),南北通透配套成熟繁华地段
盛泰名都80方两房，南北通透，文海读书老物美商圈,213,23933元/m²,3室2厅,89m²,中层(共18层),近地铁南北通透
满五唯一，经典小三房，房东包税，可送精装修,75,8502元/m²,3室2厅,88m²,低层(共18层),
降价急售 不限购 包租4500 投姿手选 全明户型 精装两房,65.5,8397元/m²,2室2厅,78m²,中层(共16层),南北通透配套成熟品质小区
震惊！地铁口！首付1成！来电立减3万！无需社保！可落户上学！,43,13030元/m²,2室2厅,33m²,中层(共15层),近地铁繁华地段品质小区
群建村 51.8万！！！外地人可买，可落户上学，70年产权,51.8,7872元/m²,2室2厅,65m²,中层(共12层),近地铁环境优美繁华地段
大江东，义蓬名苑，非诚勿扰，产权可见，随时看房，精装，可落户,49.5,8250元/m²,2室2厅,60m²,中层(共16层),近地铁配套成熟交通便利
无需社保 首付10万！外地人可落户上学！产证齐全！送精装修！,66,10000元/m²,2室2厅,66m²,中层(共17层),近地铁配套成熟繁华地段
无需社保，地铁口500米，精装修现房，独立产证，房东包税急售,49.6,8000元/m²,2室2厅,62m²,中层(共15层),近地铁配套成熟品质小区
不限购！必看投姿 包租3600，急售送10万精装修！急售,34.5,9857元/m²,2室2厅,35m²,中层(共15层),近地铁繁华地段品质小区
下沙奥特莱斯旁.近地铁300米.首付仅需3成.随时看房.精装,64.9,9141元/m²,2室2厅,71m²,中层(共12层),近地铁近学校送家电
一口价390000！月租4000！外地人可买，产证清晰无抵押,39,10367元/m²,2室2厅,37m²,中层(共15层),近地铁繁华地段品质小区
近地铁 70年产权 精装修正规2房 中高楼层 采光良好,45,12857元/m²,2室2厅,35m²,中层(共15层),近地铁配套成熟繁华地段
急售！（首付18万）50年产权！精装修！软装全送！民用水电！,51,8226元/m²,2室2厅,62m²,中层(共17层),近地铁配套成熟品质小区
近地铁！首付3万！可落户！赠送30平！送家具家电！无需社保,10,10000元/m²,2室2厅,10m²,中层(共12层),近地铁配套成熟繁华地段
婚房装修，南北通透，没有税费，中间楼层，花园位置，房东急售，,78,10263元/m²,2室1厅,76m²,中层(共12层),近地铁配套成熟繁华地段
（包税）首付8万！外地人可买！满五唯一！送家具家电！急售,31,8378元/m²,2室2厅,37m²,中层(共12层),南北通透送家电品质小区
碧桂园 新上房源 三室两厅一卫 自住精装修 有钥匙随时看房,235,26366元/m²,3室2厅,89m²,低层(共32层),
外地人可落户上学！首付8万起！地铁口 学區房！送10万精装修,35,10000元/m²,2室2厅,35m²,低层(共12层),近地铁繁华地段品质小区
房东生意亏本，资金周转不灵，急售此套周转资金，外地人可购买！,79.3,15105元/m²,3室2厅,52m²,中层(共17层),南北通透近地铁配套成熟
首付16万急售包税，外地可买，可落户上学，配套成熟，带车位。,78.3,14971元/m²,3室2厅,52m²,中层(共17层),南北通透近地铁配套成熟
灰城勿扰！地铁口 无需社保 可落户可上学 送精装修 带车位,59.6,14900元/m²,3室2厅,40m²,高层(共16层),近地铁配套成熟品质小区
首付17万，首付17万，房东包税，满五唯一经典小三房，,56,11667元/m²,3室2厅,48m²,低层(共18层),近地铁交通便利繁华地段
急售！独立产权，可落户，可上学，已核实，随时看房，随时落户！,44.8,9956元/m²,3室2厅,45m²,低层(共21层),近地铁近学校南北通透
精装学 区房！品质小区！南北通透！满五维一！免稅急售价格可议,108,13500元/m²,3室2厅,80m²,低层(共18层),送车位交通便利品质小区
在建7号线投姿手选 江东新城  精装住宅 浅力地段 价格可谈,73,8202元/m²,3室2厅,89m²,低层(共20层),近地铁配套成熟品质小区
必看，70年产权，产证齐全可落户，房东包税，业主亲自委托,48,10667元/m²,3室2厅,45m²,中层(共17层),环境优美素质住户品质小区
急售！70年产权 精装修无税 赠送20平方 随时看房 送车位,36,10909元/m²,2室2厅,33m²,低层(共14层),欧式风近地铁繁华地段
（新增急售房源！）房东诚心转手！价格可商！包税精装8成新3房,48.9,11372元/m²,3室2厅,43m²,中层(共15层),南北通透配套成熟环境优美
低于市价急售|产权清晰|实地拍摄|外地人可买|产权清晰|无税,72,10141元/m²,3室2厅,71m²,中层(共15层),南北通透送车位环境优美
低于市价急售|产权清晰|实地拍摄|外地人可买|产权清晰|无税,62,8732元/m²,3室2厅,71m²,中层(共15层),南北通透送家电送车位
新上房源近地铁，家电齐全，70年产权，独立过户，无需社保落户,51,10625元/m²,3室2厅,48m²,高层(共13层),近地铁配套成熟品质小区
无需社保，70年产权住宅，对口学校，可落户上学，精装送车位！,50,11041元/m²,3室2厅,45m²,高层(共15层),南北通透近地铁繁华地段
非诚勿扰，急售，包税，地铁口，70年产权，落户杭州，送车位,35.7,8659元/m²,3室2厅,41m²,中层(共17层),近地铁配套成熟品质小区
业主急售，地铁0距离，吃喝购物周边环绕，外地人可买可落户上学,48,12000元/m²,3室2厅,40m²,高层(共13层),近地铁配套成熟繁华地段
爆炸福利！首付10万！外地可买可落户！无税精装住宅近地铁,47,9975元/m²,3室2厅,47m²,中层(共15层),近地铁繁华地段品质小区
大江东 外地人可买 首付18万 上学 精装修 带车位,60,15000元/m²,3室2厅,40m²,高层(共17层),南北通透远离马路环境优美
70年产权 精装修拎包入住 配套成熟不限购 近学校送花园阳台,69,14903元/m²,3室2厅,46m²,中层(共17层),南北通透配套成熟品质小区
低于市价急售|产权清晰|实地拍摄|外地人可买|产权清晰|无税,62,8732元/m²,3室2厅,71m²,中层(共15层),南北通透送家电送车位
公积金可用。首付15万。精装修，产整齐。房东包税，随时可入住,78,14884元/m²,3室2厅,52m²,中层(共16层),近地铁配套成熟品质小区
中秋月团圆！独立产证 首付8万 可过户  精装送车位 送家电,40.8,9488元/m²,3室2厅,43m²,中层(共16层),拎包入住交通便利品质小区
急售急售，外地人可买房东包税，婚房装修风格，送大平观景阳台。,60,7407元/m²,3室2厅,81m²,中层(共17层),送车位品质小区
降价急售 精装大三房 带车位 ！房主喜迁上调 好谈价开心嘛！,71.8,8109元/m²,3室2厅,88m²,中层(共15层),南北通透近地铁配套成熟
首套房立马减65000，产权清晰，房东包税。送精装修物业费！,74.5,9049元/m²,3室2厅,82m²,中层(共15层),配套成熟交通便利繁华地段
惊爆跳楼价 首付仅需14万 无需社保 沿江地体口房，精装修！,45,11250元/m²,2室2厅,40m²,中层(共18层),近地铁配套成熟繁华地段
首付10万，买精装两房，70年产证可落户上学，家具家电全送！,59.5,12660元/m²,2室2厅,47m²,中层(共18层),近地铁配套成熟繁华地段
近地铁，低总价，无需社保，70年产权可落户上学，送车位家电,50,10000元/m²,2室2厅,50m²,中层(共20层),近地铁配套成熟环境优美
独，家代理，非诚勿扰！不限购不限贷！首付15W，月供2000,46.8,8211元/m²,2室2厅,57m²,中层(共18层),近地铁配套成熟品质小区
来电立减6w 精装两房 可过户带车位 产证清晰 拎包入住 急,53,11778元/m²,2室2厅,45m²,低层(共28层),配套成熟交通便利品质小区
免社保，低首付100000，即可上学，近地铁，靠学.区，急急,61,12200元/m²,2室2厅,50m²,低层(共21层),近地铁安全性高品质小区
投姿手选，不限购，包租4000，产权70年，产证齐全，精装修,102,11365元/m²,2室2厅,89m²,中层(共18层),南北通透配套成熟品质小区
清雅苑 大三房 户型方正 电梯房 看房方便,298,22748元/m²,3室2厅,131m²,低层(共17层),近地铁近学校
钱塘观景房！外地可购，房东包税，名校环绕可上学，精装价钱可仪,47,10444元/m²,2室2厅,45m²,低层(共18层),配套成熟繁华地段品质小区
浙江传媒大学旁！近地铁，产权清晰无纠纷！通燃气，可落户上学！,46.3,9851元/m²,2室2厅,47m²,中层(共6层),近地铁配套成熟繁华地段
房东再送20平  首付20万，无需社保 一公里内学校医院商场,76,18095元/m²,2室2厅,42m²,中层(共16层),近地铁南北通透小户型
标题,价格,均价,房子大小,总面积,楼层,优点
急售 近地铁 不限购 产证清晰 拎包入住 随时看房  带车位,69,11897元/m²,2室2厅,58m²,中层(共16层),近地铁南北通透配套成熟
免社保，免摇号！民水用电，挑高6米，采光好，无税！租金4千！,46,9787元/m²,2室2厅,47m²,低层(共9层),近地铁配套成熟繁华地段
赵叔卖房给儿子置换新房 首付12万起送精装家具家电 外地可买,62.5,13499元/m²,2室2厅,46m²,中层(共16层),南北通透近地铁配套成熟
（假一罚百）70年产权住宅，外地人可买，可落户，精装修送车位,39.3,9761元/m²,2室2厅,40m²,高层(共15层),南北通透近地铁繁华地段
急售 钱塘新区 不限购住宅 首付3成 租金5000 投姿手选,67,13958元/m²,2室1厅,48m²,中层(共17层),配套成熟繁华地段品质小区
70年产权住宅  地铁口100米 精装修送车位 家电齐全 急,72,13091元/m²,2室2厅,55m²,高层(共16层),南北通透送车位环境优美
首付10万 70年产权 独立产证 精装送车位 可落户读书,46.7,11226元/m²,2室2厅,41m²,高层(共12层),近地铁配套成熟品质小区
无需社保，首付9万落户杭州，赠送精装，家电家具齐送，送车位！,47.7,11841元/m²,2室2厅,40m²,高层(共15层),近地铁南北通透繁华地段
（世茂广场）外地人可买，两成首付，可落户，可上学，精装送车位,48.3,12005元/m²,2室2厅,40m²,高层(共15层),南北通透近地铁繁华地段
外地人可买！直降8万！包租5千！可上学！无需社保！送家电车位,36.4,8878元/m²,2室2厅,41m²,高层(共16层),近地铁繁华地段品质小区
房东急售！外地人可买！地铁口学曲房！70年产权精装现房！,45,10714元/m²,2室2厅,42m²,高层(共15层),近地铁繁华地段品质小区
首付15万，产权齐全，精装2房可落户可上学，投姿自住皆可,47.8,11560元/m²,2室2厅,41m²,高层(共16层),近地铁拎包入住素质住户
18号线双地铁口上盖，总价68万，精装大两房，包租4500,68,19429元/m²,2室2厅,35m²,中层(共15层),近地铁配套成熟品质小区
首付12万，外地人可买可落户，可贷款，可上学，送家电，精装房,49,10000元/m²,2室2厅,49m²,中层(共14层),近地铁繁华地段品质小区
首付18万 江干核心板块 无社保可买 产证齐全 送精装带车位,65.2,14236元/m²,2室2厅,45m²,中层(共17层),南北通透近地铁配套成熟
无需社保 外地人也可购买 70年产权住宅 可落户上学 精装！,38,8085元/m²,2室2厅,47m²,高层(共16层),近地铁繁华地段品质小区
外地人可买，首付13万 精装2房，带车位，房东急卖 急急急！,37,8409元/m²,2室2厅,44m²,高层(共17层),近地铁繁华地段品质小区
无税丨外地人可买丨豪华装送家电丨首付三成丨南北通透丨送车位急,55,9167元/m²,2室2厅,60m²,中层(共17层),近地铁近学校配套成熟
首付15万起包税，外地人可购买，可落户上学，南北通透，带车位,55.6,13144元/m²,2室2厅,42m²,中层(共16层),南北通透近地铁配套成熟
我愿意给你醉好的 首付1成起 外地可买可落户上学 70年产权,62.7,13455元/m²,2室2厅,46m²,中层(共17层),南北通透近地铁配套成熟
首付10万，可落户上学，精装附家电，外地人可买，送产权车位.,41.8,9952元/m²,2室2厅,42m²,中层(共15层),近地铁配套成熟繁华地段
首付三成 房东直降12万 精装送车位 独立产权 房东急售,56,15427元/m²,2室2厅,36m²,中层(共13层),南北通透送车位环境优美
拒绝虚假！郡原国际！首付13万白菜价！外地可购！无需社保！,34.8,9803元/m²,3室2厅,35m²,中层(共15层),近地铁配套成熟繁华地段
房东包税了，急售，临平地铁口，首付3成，商业生活配套全，,53,8833元/m²,2室2厅,60m²,低层(共14层),送车位交通便利繁华地段
无税 70年产权住宅 精装修小4房 配套齐全 送车位 包租,68,10000元/m²,4室2厅,68m²,高层(共6层),送车位近地铁品质小区
小户型2房稳租四千，带租约出售，拎包入住不外地人，买近地铁口,85,12687元/m²,2室2厅,67m²,高层(共8层),送家电拎包入住品质小区
首付25万，来电立减，无需社保，外地人手选，送精装修拎包入住,94.5,24868元/m²,2室2厅,38m²,中层(共11层),南北通透配套成熟繁华地段
70年产权住宅房|豪华装修|外地人可买|首付三成|送车位|,71,8049元/m²,3室2厅,88m²,中层(共15层),南北通透送车位环境优美
急抛丨夫妻离婚丨财产分割丨精装修丨繁华地段丨可上学落户丨无,73,8276元/m²,3室2厅,88m²,高层(共12层),南北通透交通便利品质小区
地铁口，可落房，精装修，房子南北通透，采光好 随时看房,98,13243元/m²,2室2厅,74m²,中层(共11层),环境优美安全性高繁华地段
"主.推房源，首付低至2成，满五无税，精装挑高5.8M,送车位",73.5,18846元/m²,2室2厅,39m²,中层(共15层),近地铁配套成熟交通便利
急抛|近地铁 不限购豪华装复式公寓|民用水电|高租金 零月供,35,11667元/m²,2室2厅,30m²,中层(共17层),南北通透配套成熟繁华地段
临地铁口 挑高5.6米 精装2房 产清晰 配套齐全 送车位,29,17059元/m²,2室2厅,17m²,中层(共16层),近地铁配套成熟品质小区
四季广场！次新小区！挑高4.25米！精装两房！首付28万！急,55,14474元/m²,2室2厅,38m²,中层(共17层),南北通透近地铁环境优美
诚心出售！ 性价比超高|下沙科技园| 附赠15平 精装带家电,48,13714元/m²,2室2厅,35m²,中层(共15层),近地铁繁华地段品质小区
印象城旁 loft公寓 挑高6米 精装修交付 月租金4000,61,16053元/m²,2室2厅,38m²,中层(共16层),近地铁配套成熟繁华地段
近地铁！挑高5.8米！独立产权！投姿地段！精装修送车位！急售,42,12000元/m²,2室2厅,35m²,中层(共16层),近地铁配套成熟繁华地段
铭都雅苑 新出精装两房 金沙印象城前 高楼层 价格可谈,160,27327元/m²,2室1厅,58m²,高层(共17层),近地铁南北通透
首付10万，精装修公寓 无需社保，外地人可买，可随时看房过户,28,9333元/m²,2室2厅,30m²,中层(共12层),南北通透配套成熟环境优美
紧邻地铁口600米 首付12万住宅不限购 送20万产权车位,69.5,13365元/m²,2室2厅,52m²,中层(共15层),南北通透近地铁配套成熟
近地铁丨临商场丨亲身验房丨赠送18平丨外地人可买丨精装送车位,47,7833元/m²,3室2厅,60m²,中层(共11层),近地铁繁华地段品质小区
首付200000起。买房就可落户上学，精装修。再送地下储藏室,75,10373元/m²,3室2厅,72m²,中层(共9层),近地铁配套成熟交通便利
外地人不限购 无需社保 首付18万精装修送车位 挑高5.6米,58,15183元/m²,2室2厅,38m²,低层(共12层),南北通透送车位环境优美
"(真实在售)近高沙湖地铁口交通便利位置优越,送精装修和车位",35,11667元/m²,2室2厅,30m²,低层(共12层),
70年产权，首付12万，低于市场价十万，赠送精装修，房东包税,69,9857元/m²,3室2厅,70m²,低层(共7层),南北通透近地铁品质小区
清雅苑 新上大三房 三开间朝南 房东自住精装修 南北通透,320,29564元/m²,3室2厅,108m²,低层(共6层),近地铁近学校
房东急售，一号地铁延伸线，首付18万，外地人可买，买到即可落,69.8,9971元/m²,3室2厅,70m²,中层(共10层),近地铁配套成熟繁华地段
精致小户型 拎包入住 房东加急出售 低于市场价一倍 产权清晰,58,12340元/m²,2室2厅,47m²,中层(共18层),近地铁配套成熟繁华地段
首付8万！！房东急售送家居！70年产权清晰！ 配套成熟可贷款,45,9572元/m²,2室2厅,47m²,中层(共23层),近地铁配套成熟繁华地段
钱塘新区，不限购，产权清晰，好楼层，边套，7天秒过户，包税。,77,10132元/m²,3室2厅,76m²,中层(共8层),南北通透近地铁繁华地段
包租4000，精装修，外地人可买，带车位！房主催泪甩卖！！,73,9733元/m²,3室2厅,75m²,中层(共8层),近地铁配套成熟繁华地段
无需社保 户型方正 租金高 周边配套成熟 房东急售 价格可谈,45,9000元/m²,2室2厅,50m²,中层(共18层),近地铁配套成熟繁华地段
70年住宅 产证齐全 精装两房 外地人可买 拎包入住 无税费,106,9997元/m²,3室2厅,106m²,中层(共6层),独立电梯近地铁繁华地段
首付12万，可落户上学，外地人可买，精装附家电，送产权车位.,52,11556元/m²,2室2厅,45m²,低层(共18层),配套成熟繁华地段品质小区
惊！白菜价！可公积金贷款 精装修带车位 可看可谈 可拎包入住,39,8864元/m²,2室2厅,44m²,低层(共18层),一梯两户送家电品质小区
文海读书 大三房精装 多层得房率高,300,27548元/m²,3室2厅,108m²,中层(共6层),近地铁近学校
大都文苑风情 南北通透 精装修 中间楼层 采光好 近地铁站,400,29638元/m²,3室2厅,134m²,中层(共6层),近地铁近学校
首付11万 可落户 独立产权 精装修复试公寓 外地人可买,47.6,11841元/m²,2室2厅,40m²,低层(共24层),近地铁南北通透繁华地段
70年产权住宅，外地人可买，对口学校可落户，精装修，南北通透,78,10685元/m²,2室2厅,73m²,中层(共11层),环境优美安全性高繁华地段
江干还有这个价独立产证！可落户上学！首付12万即可入住！,43,13030元/m²,2室2厅,33m²,高层(共8层),近地铁繁华地段品质小区
标题,价格,均价,房子大小,总面积,楼层,优点
无税！70年产权(首付12万！外地人可买！不限贷)可落户上学,64.3,10663元/m²,2室2厅,60m²,中层(共11层),近地铁配套成熟品质小区
地铁口！业主诚售赠送40平！无需社保！产证齐全！可落户上学！,8,8000元/m²,2室2厅,10m²,低层(共6层),近地铁繁华地段品质小区
急急急！在建地铁口，降价18万，包租5000，送车位，不限购,94,12505元/m²,3室2厅,75m²,中层(共16层),南北通透近地铁品质小区
精装住宅，无社保可拎包入住首付三成,72,11077元/m²,2室2厅,65m²,低层(共10层),南北通透环境优美
先抢先得！大江东醉地价！无需社保！赠送精装修！房东资金链短缺,22,8800元/m²,2室1厅,25m²,低层(共6层),近地铁繁华地段品质小区
东郡之星 大两房，客厅带阳台，诚心出售,180,25944元/m²,2室2厅,69m²,低层(共31层),
业主急售，70年产权，带租约转售，外地人可买，近地铁，精装修,66,9004元/m²,2室2厅,73m²,中层(共11层),近地铁配套成熟品质小区
地铁口，满二唯一，家装全赠送，首付20万即可，即买即住，撑售,71,10597元/m²,2室2厅,67m²,中层(共8层),近地铁送家电拎包入住
70年产权住宅 外地人可买 另送价值15万装修 月租4500,52,14857元/m²,2室2厅,35m²,中层(共6层),安全性高繁华地段品质小区
急售，地铁口，精装2房，学校均未用，电梯房，楼层好，可以谈,56.8,9467元/m²,2室2厅,60m²,中层(共8层),安全性高繁华地段品质小区
吉房出售|金沙湖商圈|近地铁|周边学校商场环绕|不限购可上学,40.5,10783元/m²,2室2厅,37m²,中层(共6层),近地铁配套成熟繁华地段
惊喜价！总价450000，外地人可买，产证清晰，拎包入住！！,45,12726元/m²,2室2厅,35m²,中层(共6层),配套成熟繁华地段品质小区
外地特别福音！包税可过户！可上学可头资！精装修带家电！急售！,52,8000元/m²,2室2厅,65m²,低层(共11层),配套成熟繁华地段品质小区
房东急售，首付8万，无需社保70年产权 精装两房 房东包税,48,7619元/m²,2室2厅,63m²,中层(共7层),配套成熟素质住户品质小区
金九银十即将到来！这时候买房是你划算的是时候！你值得拥,51,7846元/m²,2室2厅,65m²,中层(共6层),送车位近地铁配套成熟
清雅苑 大三房 边套户型 客厅 带阳台 文海上学 诚心出售,325,25058元/m²,3室2厅,129m²,中层(共11层),近地铁近学校
急售丨价格可谈丨交通便利丨精装修丨可落户上学丨包税丨送车位,65,8644元/m²,3室2厅,75m²,高层(共8层),配套成熟交通便利品质小区
无税，可落户，可读书，70年产权，独立产证过户，可用公积金,15.1,15100元/m²,2室1厅,10m²,高层(共7层),近地铁配套成熟繁华地段
粉红少女心，南北通透户型好，地铁口，20万方商业街购物方便！,61,16486元/m²,2室2厅,37m²,中层(共9层),南北通透拎包入住近地铁
无税 豪华装修复式公寓 挑高5.8米 地铁口150米 民用水,58,15969元/m²,2室2厅,36m²,中层(共14层),南北通透环境优美
急急急急急 新特价房 平精装92万 有电梯拎包住急售 近期,72,8090元/m²,3室2厅,89m²,高层(共11层),拎包入住配套成熟品质小区
文海读书 大三房有电梯 户型方正南北通透,295,23311元/m²,3室2厅,126m²,中层(共11层),近地铁近学校
（甩卖）外地人可买，可以落户上学，5万装修赠送，曾5平大阳台,43,12286元/m²,1室1厅,35m²,低层(共6层),送家电拎包入住配套成熟
大都文苑风情 精装修多层顶跃 带露台 户型正气 景观房,435,29795元/m²,6室3厅,146m²,高层(共6层),近地铁近学校
清雅苑 新出三房 边套全明户型 中间楼层 小区中间位置,300,26509元/m²,3室2厅,113m²,低层(共6层),近地铁近学校
一周可过户，独立产权送车位，可落户上学，近地铁，配套成熟,90.5,10181元/m²,3室2厅,88m²,中层(共23层),近地铁配套成熟品质小区
清雅苑 南北通透 精装修  位置好，周围配套齐全，出行方便,298,23287元/m²,3室2厅,127m²,低层(共11层),近地铁近学校
大江东一号 包租4500 首付3成 送10平阳台  带车位,43,9149元/m²,2室2厅,47m²,高层(共10层),独立电梯近地铁繁华地段
真实 金沙湖一线湖景公寓  现房精装首开   DT100米,180,20000元/m²,3室2厅,90m²,中层(共20层),近地铁中国风繁华地段
房东急售！70年产权精装修！诚心总价可谈！可落户可上学送车位,71,9370元/m²,3室2厅,75m²,中层(共18层),南北通透采光好品质小区
无需社保 投姿必选 精装修小3房急售 可落户上学 包租4千,69.5,9653元/m²,3室2厅,72m²,中层(共18层),南北通透配套成熟次新小区
无税！外地人可买，地铁1号线，南北通透精装修，可落户上学。,58,9355元/m²,3室2厅,62m²,中层(共18层),配套成熟交通便利繁华地段
房东急售  地铁口  70年产权住宅房   送车位家电四件套,55,7639元/m²,3室2厅,72m²,中层(共18层),近地铁配套成熟品质小区
好位置，周边配套齐全，出行方便，位置安静,430,17938元/m²,7室2厅,239m²,高层(共6层),近地铁近学校
首付17万包税丨南北通透丨配套成熟丨对口学校丨送精装家具家电,71.3,10455元/m²,3室2厅,68m²,中层(共17层),南北通透配套成熟繁华地段
外地人可买无需摇号，送大平观景阳台，繁华地段对口中心小学，,66,9041元/m²,3室2厅,73m²,中层(共17层),送家电送车位品质小区
好位置，周边配套齐全，出行方便，位置安静,330,19298元/m²,5室2厅,171m²,高层(共6层),近地铁近学校
外地人可买，首付17万 精装3房，带车位，房东急卖，价格实惠,71.6,9029元/m²,3室2厅,79m²,中层(共17层),南北通透近地铁配套成熟
外地人可买|首付18万可落户上学|近地铁|带车位无税送精装修,73.6,9436元/m²,3室2厅,78m²,中层(共17层),南北通透近地铁品质小区
低于市场价176000。首付8.3万起。无产权纠纷，无需积分,73.8,12303元/m²,3室2厅,60m²,中层(共16层),近地铁配套成熟品质小区
业主亲证丨外地人可以买。70年产权，拎包入住的那种。来电抢吧,78,10833元/m²,3室2厅,72m²,中层(共17层),近地铁南北通透交通便利
真实在售|看房首付力减35800，当天下定总价再减5万！来电,66.5,8719元/m²,3室2厅,76m²,中层(共15层),配套成熟次新小区繁华地段
可落户，不限购，买房即可落户上学。总价减55000出，精装修,73.4,9740元/m²,3室2厅,75m²,中层(共16层),配套成熟交通便利品质小区
围观！房东急需用钱包税，外地人买房即可落户上学，精装现房诚售,61,8288元/m²,3室2厅,73m²,中层(共17层),南北通透配套成熟繁华地段
清雅苑  大三房 南北通透 中间楼层 环境优美,300,22448元/m²,5室,133m²,低层(共6层),近地铁近学校
总价98折再减55000，产证齐全|女儿要出嫁了，房子没人住,76.2,10113元/m²,3室2厅,75m²,中层(共15层),配套成熟交通便利品质小区
投姿手选，江东新城，在建7号线，精装住宅，浅力地段，价格可谈,61,7722元/m²,3室2厅,79m²,中层(共15层),南北通透繁华地段品质小区
首付15万 可落户 直接更 名 无杂费 无中间费 随时看房,78.4,12645元/m²,2室2厅,62m²,低层(共21层),
70年产权，送精装修，外地人可买，产证清晰无抵押，随时看房。,45,13838元/m²,2室2厅,32m²,低层(共18层),近地铁配套成熟品质小区
下沙精装修|高沙湖地铁口|首付14万|外地可买落户|无需社保,49,13046元/m²,2室2厅,37m²,低层(共19层),拎包入住近地铁交通便利
美伦商务大酒店旁边 地铁口一公里 周边配套齐全 交通方便,62,10000元/m²,2室2厅,62m²,中层(共20层),配套成熟交通便利品质小区
房东置换！70年产权精装三房，首付20万，产证齐全，送车位！,63.1,18029元/m²,2室2厅,35m²,低层(共18层),近地铁繁华地段品质小区
不限购，包租4000，投姿手选，产证齐全，产权70年，精装修,53,8833元/m²,2室2厅,60m²,中层(共18层),南北通透配套成熟品质小区
不限购，包租4000，投姿手选，产权70年，挑高2.9米精装,72,12000元/m²,2室2厅,60m²,中层(共18层),南北通透配套成熟品质小区
首付15万 外地人可买南北通透位置优越可落户上学南阳地铁口,67,9306元/m²,2室2厅,72m²,中层(共22层),近地铁配套成熟品质小区
外地人可买！无需社保 不限购 贷 70年产权住宅 可落户上学,53.6,8645元/m²,2室2厅,62m²,低层(共18层),近地铁配套成熟品质小区
华彩名府首付15万 精装修住宅！两房朝阳南北通透 可落户上学,72,10000元/m²,2室2厅,72m²,低层(共24层),近地铁配套成熟品质小区
房东急需用钱，特低于市场价20万急售，配套成熟近地铁， 无税,49.6,8000元/m²,2室2厅,62m²,中层(共18层),近地铁配套成熟品质小区
下沙物美 地铁口 精装复式挑高5米 通燃气送车位 民用水电,42,14000元/m²,2室2厅,30m²,低层(共9层),南北通透配套成熟繁华地段
惊！赠送15平！首付10万！无需社保！产证清晰！可落户上学！,38,10270元/m²,2室2厅,37m²,中层(共15层),近地铁繁华地段品质小区
标题,价格,均价,房子大小,总面积,楼层,优点
与您有缘！70年产权，精装小户型，刚需！地铁口，无需社保可买,49.8,24900元/m²,2室2厅,20m²,低层(共21层),近地铁配套成熟繁华地段
外地可买，租金伍仟！有车位！低市价！无税！近地铁！拎包入住！,26,11818元/m²,2室2厅,22m²,低层(共18层),次新小区素质住户品质小区
急售 地铁口200米 精装修复式公寓 挑高4.9米 送车位,42,11053元/m²,2室2厅,38m²,低层(共25层),近地铁素质住户品质小区
地铁200米 首付低 精装全送 包租5千 产权独立 投姿手选,80.3,20537元/m²,2室2厅,39m²,中层(共18层),近地铁配套成熟繁华地段
非诚勿扰，急售，包税，地铁口，产证70年，精装修，无需社保,37.3,7936元/m²,3室2厅,47m²,中层(共20层),近地铁配套成熟品质小区
房东急售首付15万 赠13平 外地人可买 无需社保 送车位,49,9245元/m²,3室2厅,53m²,低层(共30层),主卧朝南
外地可购！首付十万！房东包税，可落户可上学，赠家电送车位，急,52,8000元/m²,2室2厅,65m²,低层(共18层),交通便利繁华地段品质小区
新上！满五！ 不限购！ 可落户！ 赠送家具家电！来电送车位！,53,13250元/m²,3室2厅,40m²,中层(共20层),近地铁配套成熟繁华地段
诚售（只要房东不亏本就卖！）价格找我谈！首付10万全包带走！,71,8049元/m²,3室2厅,88m²,中层(共18层),近地铁繁华地段品质小区
急售 无需社保 首付20万 70年产权 来电立减3万 送精装,73,8276元/m²,3室2厅,88m²,中层(共18层),南北通透配套成熟次新小区
首付20万，精装修，近地铁，家具家电全送，有车位，可落户上学,66,8148元/m²,3室2厅,81m²,中层(共19层),近地铁配套成熟品质小区
郡原蓝湖国际！房东包税急售，70年产权精装2房，有产证包落户,64.5,9773元/m²,2室2厅,66m²,中层(共17层),南北通透送车位近地铁
惊喜！送家具家电！外地人可买，地铁口买房即可落户，大学城旁，,45,13235元/m²,2室2厅,34m²,高层(共13层),近地铁配套成熟繁华地段
首付9万急售！满五无税 70年产权可落户 外地人可买 不限购,36,10286元/m²,2室2厅,35m²,中层(共15层),近地铁繁华地段品质小区
70年产权精装修住宅房 可落户可自住 首付3成送家具家电车位,46.2,14903元/m²,2室2厅,31m²,高层(共16层),近地铁繁华地段品质小区
首付20万，包税，外地人可买，70年产权，可落户上学，精装修,70,8373元/m²,3室2厅,83m²,中层(共28层),南北通透配套成熟环境优美
急降20万下沙大学城北 温馨两房 诚心出售 低于市场价,168,24045元/m²,2室2厅,69m²,高层(共13层),南北通透
业主包税！包办社保，精装全送，三证齐全随时过户，可读书可贷款,67,11167元/m²,2室2厅,60m²,中层(共17层),
房东包税！70年产权，外地人无社保可落户，赠送产权车位，精装,48.6,13500元/m²,2室2厅,36m²,高层(共12层),送车位近地铁配套成熟
急售！看中价格可以谈 钱塘新区精装修三房 带15平米阳台,69,7822元/m²,3室2厅,88m²,中层(共21层),配套成熟繁华地段品质小区
劲爆！地铁500米！赠送18平！不限购！精装带车位！免社保！,45,12857元/m²,1室2厅,35m²,共5层,近地铁配套成熟繁华地段
从前有座山山里有座庙，和尚都有庙你有房吗这套房子适合你！,57,8689元/m²,2室2厅,65m²,高层(共13层),近地铁配套成熟品质小区
清雅苑看房方便 配套齐全 出行方便 户型方正,260,22306元/m²,3室1厅,116m²,中层(共17层),近地铁近学校
清雅苑 大三房 户型方正 南北通透 中间楼层,300,22908元/m²,3室2厅,130m²,中层(共15层),近地铁近学校
（投姿 政府拍卖 送精装修）价亲民！民用水电！可以租养贷！,49,12250元/m²,2室1厅,40m²,中层(共20层),南北通透近地铁配套成熟
下沙大学城板块丨70年产权丨无需社保丨可落户上学丨包租3千丨,52.5,10983元/m²,2室2厅,47m²,中层(共22层),南北通透近地铁次新小区
下沙文泽路地铁口 精装公寓 带阳台 配套齐全 无稅 先到先得,46,9200元/m²,2室2厅,50m²,中层(共18层),近地铁近学校繁华地段
急售，70年产权，无需社保，地铁口，送精装修！送车位，送家具,42.7,10415元/m²,2室2厅,41m²,中层(共21层),近地铁配套成熟品质小区
精装2房送家具家电 可落户可上学  便民设施齐全 南北通透,45,9375元/m²,2室2厅,48m²,中层(共18层),近地铁配套成熟繁华地段
下沙银泰旁 中豪七格 70年产权 商圈配套完善 房东诚心卖,76,16889元/m²,2室2厅,45m²,中层(共23层),南北通透配套成熟繁华地段
产权清晰，朋友转卖 挑高6米 投姿必选 即买即租 外地 可买,58,12340元/m²,2室2厅,47m²,中层(共20层),近地铁配套成熟繁华地段
急售投姿手选世贸广场精装复式公寓全南户型交通便利生活配套齐全,53.9,12328元/m²,2室1厅,43m²,中层(共19层),双阳台带飘窗近地铁
价格可谈！！精装小两房，送家具家电，拎包入住，楼层适中！！,53,10600元/m²,2室2厅,50m²,中层(共21层),南北通透近地铁配套成熟
房屋南北通透 采光度良好 近地铁 适宜居住小区周围交通便利,39,9286元/m²,2室2厅,42m²,中层(共18层),配套成熟交通便利繁华地段
春益小区首付18万 70年产权 精装送车位，不限购可落户,56.8,10000元/m²,2室2厅,56m²,中层(共18层),一梯两户近地铁品质小区
（房东移民 赠送12平）临近地铁|包租5000|送精装家电,71.6,13769元/m²,2室2厅,52m²,中层(共24层),近地铁繁华地段品质小区
（刚需必看）首付10万 无需社保 房东包税 送车位 民用水电,42.9,9121元/m²,2室2厅,47m²,中层(共35层),南北通透繁华地段品质小区
江南明珠 急售 首付10万  送车位 无税 精装修,42,7735元/m²,2室2厅,54m²,中层(共32层),近地铁配套成熟品质小区
首付低于市场价14万，精准全送，免物业费，可落户,44.3,8149元/m²,2室2厅,54m²,中层(共18层),近地铁配套成熟品质小区
不限购不限贷 挑高6米 精装修 月租4千3 以租养贷 送车位,40,9302元/m²,2室2厅,43m²,中层(共18层),配套成熟繁华地段品质小区
东郡之星 诚心出售，南北通透，户型方正,202,22697元/m²,3室2厅,89m²,中层(共32层),
（送12平方阳台 店长力推）精装LO|临近地铁|首付仅10万,41,13667元/m²,2室2厅,30m²,低层(共18层),近地铁配套成熟品质小区
"金沙湖精装修必备好房,地铁口旁,业主置换诚心出售!随时看房!",142,20791元/m²,2室1厅,68m²,高层(共26层),近地铁南北通透
精装LOFT独立产权，包租3K，以租贷养，商业综合地投姿必选,21.5,12647元/m²,2室2厅,17m²,中层(共23层),近地铁配套成熟繁华地段
精装LOFT独立产权，包租3K，以租贷养，商业综合地投姿必选,21.5,12647元/m²,2室2厅,17m²,中层(共23层),近地铁繁华地段品质小区
层高5米2 精装修 包租5年 包租4千起 产证齐全 随时看房,54.4,15543元/m²,2室2厅,35m²,中层(共18层),近地铁配套成熟繁华地段
急售近地铁口！首付10万 产证齐全拎包入住 送精装带车位！,43.2,14400元/m²,2室2厅,30m²,低层(共18层),
精装修复式公寓挑高5.8米 首付13万 房东直降12万 急售,42,13003元/m²,2室2厅,32m²,低层(共23层),南北通透环境优美
柠檬郡家园  精装两房 中上楼层 采光好 可看江景  ！,195,28551元/m²,2室1厅,68m²,高层(共26层),近地铁南北通透
急售||东海柠檬郡|全明户型|精装小两房|价格可谈||可秒杀,180,26358元/m²,2室1厅,68m²,高层(共26层),近地铁
下沙位置！金沙湖公寓对面精装修住宅房！70年独立产权!,53,9464元/m²,2室2厅,56m²,中层(共18层),配套成熟交通便利品质小区
安居客专员已验|产权清晰|实地拍摄|外地人可买|机不可失|,55,9821元/m²,2室2厅,56m²,中层(共22层),南北通透送车位环境优美
大都文苑风情 2房1厅自住装修 拎包入住 周边配套成熟,200,37404元/m²,2室1厅,53m²,高层(共24层),近地铁近学校
金沙阳光  自住精装修 标准两房 楼层   房东诚心价格可谈,205,23195元/m²,2室2厅,88m²,高层(共28层),近地铁南北通透
（刚需必看）首付25万 送车位 不限购 可落户 可上学 包税,47.4,13941元/m²,1室1厅,34m²,中层(共20层),近地铁配套成熟环境优美
房东急售 精装复式 挑高5.8米 赠送车位 以租养贷包租四千,60,15385元/m²,2室2厅,39m²,高层(共12层),独立电梯繁华地段
钱塘新区 精装复式 租金4千 以租养贷0月供 民用水电 诚售,43.5,15536元/m²,2室2厅,28m²,高层(共17层),南北通透配套成熟品质小区
急售！首付只需15万！ 可贷款交通方便！ 三齐全！繁华地段！,40.5,12656元/m²,2室2厅,32m²,高层(共15层),近地铁配套成熟安全性高
保真急售！近地铁！买1层送1层！租金4100！宜租！宜住！,39.2,10595元/m²,2室2厅,37m²,高层(共13层),近地铁配套成熟繁华地段
1号线文泽路地铁口200米 通燃气 精装复式 包租3800,32,9412元/m²,2室2厅,34m²,中层(共17层),近地铁近学校配套成熟
标题,价格,均价,房子大小,总面积,楼层,优点
月租金5千，首付8万，低于市场价，赠送精装修，包税，价格可谈,31.8,10225元/m²,2室2厅,31m²,中层(共16层),南北通透近地铁品质小区
看看，做了这么多年房产，这样的房子第.一次有这样的价格，机会,39.7,12794元/m²,2室1厅,31m²,高层(共16层),近地铁配套成熟品质小区
大学城近地铁，精装LOFT，产齐全，可交易不限购，投姿稳定,34,13600元/m²,2室2厅,25m²,高层(共16层),安全性高繁华地段品质小区
无需社保，精装两房，房东急售，无税房源，拎包入住，包租4千,50,17857元/m²,2室2厅,28m²,中层(共17层),复式房配套成熟品质小区
地铁300米，挑高6米，赠送15平，精装带车位，月租金5千,71,17750元/m²,2室2厅,40m²,中层(共22层),南北通透环境优美
1号线地铁口 包租5000 投姿手选 精装复式 随时看房,50,9259元/m²,2室2厅,54m²,中层(共22层),近地铁近学校南北通透
物美楼上 40年产权公寓 产证齐全 房东降价15万急售送精装,42,9882元/m²,2室2厅,42m²,中层(共23层),近地铁近学校南北通透
免 税房，有产证带租约，租可抵贷，精装LOFT，赠送20平,42,10000元/m²,2室2厅,42m²,中层(共22层),南北通透配套成熟品质小区
（天际湾，包租4000），产齐全，精装两室，送车位，拎包入住,45.6,9913元/m²,2室2厅,46m²,中层(共22层),环境优美交通便利品质小区
双层复式公寓，挑高6米，精装全配，投姿手选，包租四千，带车位,41,10250元/m²,2室2厅,40m²,中层(共25层),近地铁南北通透配套成熟
"下沙 精装两房 租金3千 产证齐全 赠20平通煤气,送车位",42,9545元/m²,2室2厅,44m²,中层(共25层),近地铁配套成熟繁华地段
首付仅需8万，精装复式，公寓挑高5.8米，独立产权，送车位！,48.6,9346元/m²,2室2厅,52m²,中层(共20层),配套成熟繁华地段品质小区
地铁口500米！首付三成！无需社保！包租三年！月租4100！,43.9,9541元/m²,2室2厅,46m²,中层(共21层),两房朝南近地铁繁华地段
萧山城厢 新上房源 精装修 春意江南名邸 采光好 拎包入住.,97,13275元/m²,3室2厅,73m²,中层(共18层),近地铁配套成熟环境优美
地铁口！赠送30平！外地人可买！可落户上学！送家电！产证齐全,12,12000元/m²,2室2厅,10m²,高层(共11层),近地铁繁华地段品质小区
清雅苑三阳台 带大露台 *60多方 带地暖,420,22810元/m²,5室3厅,184m²,高层(共11层),近地铁近学校
70年产权小住宅 无需社保 可落户上学 首付15万起 精装修,73.5,10455元/m²,3室2厅,70m²,中层(共23层),南北通透近地铁次新小区
大江东核心，70年产权，产权车位，精装修家电，可落户上学,52,8667元/m²,3室2厅,60m²,中层(共18层),南北通透环境优美
房东急售 价格可谈 70年产权 可落户 精装房 外地可买！,76,9744元/m²,3室2厅,78m²,中层(共18层),近地铁配套成熟繁华地段
80.7平，3室2厅，18层，66.00万,56,7467元/m²,3室2厅,75m²,中层(共18层),近地铁配套成熟品质小区
首付120000低于常价100000。70年产权，精装可住,72,9600元/m²,3室2厅,75m²,中层(共18层),近地铁配套成熟品质小区
急丨精装修（产权车位）(房东移民急抛）（低于市场价38万）,79,10972元/m²,3室2厅,72m²,中层(共32层),近地铁南北通透环境优美
江东壹号！外地人可买，70年产权高品质小区，精装修送车位,69,10455元/m²,3室2厅,66m²,中层(共28层),南北通透近地铁环境优美
大江东核心，70年产权，产权车位，精装修家电，可落户上学,60,10000元/m²,3室2厅,60m²,中层(共18层),南北通透环境优美
大学城北 首付10万 精装2室 赠送（16平）良心推荐！速抢,75,25000元/m²,2室2厅,30m²,高层(共23层),近地铁配套成熟繁华地段
首付12W|无需社保|无税精装修|对口学校|送车位|产证齐全,37,27146元/m²,2室2厅,13m²,高层(共22层),送车位近地铁繁华地段
首付14万起，近地铁，70年产权，可落户上学，低总价，通燃气,67,24807元/m²,2室2厅,27m²,中层(共32层),近地铁配套成熟品质小区
外地人可买，无需社保，产证齐全，精装带车位，赠送15平，急售,48.8,13943元/m²,2室2厅,35m²,中层(共18层),近地铁配套成熟繁华地段
70年产权，产证齐全无抵押，价格可谈，首付10W，外地人可买,63.5,18143元/m²,2室2厅,35m²,中层(共19层),近地铁配套成熟繁华地段
下沙地铁口50米！交通便利！不限购可落户上学 送精装修送车位,50,14286元/m²,2室2厅,35m²,中层(共26层),近地铁繁华地段品质小区
70年产权住宅 首付8万 可落户上学 产证齐全 精装全配,66,9851元/m²,2室2厅,67m²,中层(共26层),近地铁配套成熟繁华地段
地铁口400米！包税，送精装，送车位，可落户上学，价格好商量,64,10000元/m²,2室2厅,64m²,中层(共18层),近地铁配套成熟品质小区
年轻人手选，首付20万起，无需社保，精装两房复式公寓，送家具,47,14688元/m²,2室1厅,32m²,高层(共11层),主卧朝南近地铁繁华地段
"外地人可买产权清晰,可过户,精装,地 铁房,学 区房,免 税",42,13548元/m²,2室2厅,31m²,中层(共20层),素质住户安全性高品质小区
捡漏的来，无需社保，精装地铁，包租3800，可落户上學，,13,13000元/m²,2室1厅,10m²,中层(共25层),南北通透交通便利素质住户
业主委托，首付仅需210000，外地人可买，产证清晰，可落户,69,19625元/m²,2室2厅,35m²,中层(共26层),近地铁繁华地段品质小区
急售！拎包入住！外地人可买，产齐全无抵押，可落户上学！！,45,12857元/m²,2室2厅,35m²,高层(共19层),南北通透环境优美品质小区
首付10万，精装2房送车位，无需社保，产证齐全，包落户可贷款,52.3,8435元/m²,2室2厅,62m²,中层(共23层),南北通透送车位近地铁
房东急售！近地铁口！独立产权！不限购，可落户上學，随时看房！,33.2,10710元/m²,2室2厅,31m²,中层(共21层),近地铁配套成熟繁华地段
监崆拍下令人震惊的一幕！注意这套房子，夫妻吵架分家，底价贱卖,39,10779元/m²,2室2厅,36m²,中层(共18层),近地铁繁华地段品质小区
钱塘新区核心重点地段，周边商圈配套齐全，南北通透采光极好！,57,7600元/m²,2室2厅,75m²,中层(共18层),近地铁配套成熟品质小区
交通便利精装修，2室2厅带阳台，可落户可上学,50.6,8333元/m²,2室2厅,60m²,中层(共27层),南北通透拎包入住近地铁
月租5000！包租十年，外地人可买，产证清晰，户型方正采光好,47,14479元/m²,2室2厅,32m²,中层(共18层),近地铁配套成熟品质小区
产证齐全，繁华地段，近地铁，楼层徍，房型好，即买即住,46,12778元/m²,2室2厅,36m²,中层(共22层),配套成熟交通便利安全性高
首付8万，赠送18平方，外地人可买，可落户上学，送产权车位,46.5,7381元/m²,2室2厅,63m²,中层(共22层),近地铁配套成熟繁华地段
首付8万 好房出售 70年的住宅 可以落户精装修两房,24,7619元/m²,2室1厅,31m²,中层(共21层),配套成熟繁华地段品质小区
银泰城旁！买1层送1层！挑高5.6米！宜租宜住！精装修送家电,30,10714元/m²,2室2厅,28m²,高层(共11层),近地铁配套成熟繁华地段
（已上门验证）真实在售 首付20万 赠送30平 对口云小启中,71.7,24810元/m²,2室2厅,28m²,中层(共25层),南北通透繁华地段品质小区
70年产权住宅|可落户独立产|豪华装家具全送|业主急售|无税,59,8310元/m²,3室2厅,71m²,中层(共20层),南北通透送家电送车位
"金沙湖1号,龙湖天街旁,4.8米跃层,带家具,租金4000",138,19140元/m²,2室2厅,72m²,高层(共22层),近地铁南北通透
美达晓城天地 精装修公寓 临近地铁 外地人可买 产证清晰,46,12105元/m²,2室2厅,38m²,中层(共20层),近地铁配套成熟繁华地段
外地人可购买 精装修loft公寓 赠送家电家具 拎包入住 急,55.8,14684元/m²,2室2厅,38m²,中层(共20层),南北通透配套成熟繁华地段
地铁1号线，无需社保，外地人可买，包租，精装两房，配套完善,58.8,9145元/m²,2室2厅,64m²,中层(共27层),近地铁近学校配套成熟
新上房源，首付10万，地铁口精装复式，挑高5米，租金5000,43.9,11865元/m²,2室2厅,37m²,中层(共22层),近地铁配套成熟品质小区
一号线高沙路站，房东急售，价格好商量，配套齐全，带大阳台,39.2,10595元/m²,2室2厅,37m²,中层(共20层),近地铁配套成熟品质小区
能网签，精装复式，繁华地段，送车位，拎包入住，高租金.能过户,36,12000元/m²,2室2厅,30m²,中层(共18层),配套成熟交通便利繁华地段
包租4500！金沙湖地铁口 首付15万 独立产权 精装公寓,43,11622元/m²,2室2厅,37m²,中层(共24层),近地铁南北通透环境优美
首付仅需10万！外地人不限购，无需社保，房东说来电立减5万！,54,15429元/m²,2室2厅,35m²,高层(共19层),送车位近地铁配套成熟
无税 投姿必看！包租4000！不限购 送10万精装修，急售,43,11622元/m²,2室2厅,37m²,中层(共18层),近地铁繁华地段品质小区
投姿必选，来电减5万，送车位，包租5千，拎包入住，总价可议！,32.3,11536元/m²,2室2厅,28m²,中层(共21层),近地铁配套成熟交通便利
标题,价格,均价,房子大小,总面积,楼层,优点
免 税房，有产证带租约，租可抵贷，精装LOFT，赠送20平,26,9630元/m²,2室2厅,27m²,中层(共20层),近地铁配套成熟繁华地段
下沙复式！独立产！投姿地段！挑高5.8米！送车位！急售,36,12000元/m²,2室2厅,30m²,中层(共21层),复式房送车位近地铁
房东低市场价急售！首付只需12万！送车位精装修！水电民用！,41,10789元/m²,2室2厅,38m²,中层(共18层),近地铁近学校配套成熟
下沙 金沙湖 惊现首13万 精装修 独立产权 无税费送车位,38,10857元/m²,2室1厅,35m²,高层(共20层),南北通透近地铁环境优美
免 税房，有产证带租约，租可抵贷，精装LOFT，赠送20平,12,12000元/m²,2室2厅,10m²,中层(共20层),近地铁配套成熟繁华地段
急售，赠15平，独立产证，精装loft，近地铁送车位，免 税,23,10455元/m²,2室2厅,22m²,中层(共22层),南北通透繁华地段品质小区
急售，赠10平，独立产证，精装loft，近地铁送车位，免 税,29,13182元/m²,2室2厅,22m²,中层(共22层),配套成熟繁华地段品质小区
绿城开发，品质小区，下楼就是地铁，挑高5.7米公寓，精装两房,61,16053元/m²,2室2厅,38m²,中层(共18层),配套成熟繁华地段品质小区
业主急售！投姿房！租金4！首付8万！有产证！送车位！精装修,25,8320元/m²,2室2厅,30m²,中层(共21层),复式房送车位近地铁
急售，赠10平，独立产证，精装loft，近地铁送车位，免 税,40,10811元/m²,2室2厅,37m²,中层(共22层),近地铁近学校配套成熟
精装修！可过户！包租四千以租还贷！配套成熟！外地人可购买！,18,10588元/m²,2室2厅,17m²,中层(共20层),近地铁配套成熟繁华地段
小户型复式房，精装loft，通燃气，带阳台，送车位，免 税房,12,12000元/m²,2室2厅,10m²,中层(共22层),近地铁配套成熟品质小区
免 税房，有产证带租约，租可抵贷，精装LOFT，赠送20平,40,12121元/m²,2室2厅,33m²,中层(共22层),南北通透配套成熟品质小区
不限 购不限贷，精装修现房，产权清晰，南北通透，满五少税,26,7879元/m²,2室2厅,33m²,高层(共26层),交通便利素质住户安全性高
房东出国，急需脱手分割资产 低于市场价3成 两房送家具家电,25.7,7788元/m²,2室2厅,33m²,中层(共27层),南北通透环境优美交通便利
世贸广场 下沙地铁口50米 首付只需15万！交通便利 捡漏！,47.6,13538元/m²,1室2厅,35m²,中层(共26层),送车位拎包入住配套成熟
江干复式公寓！5.5米挑高！无税费！可过户！民用水电!送车位,36.5,12167元/m²,2室2厅,30m²,中层(共21层),南北通透环境优美
夫妻为小三闹离婚，财产分割 底价抛售 自带车位 可拎包入住,89,10988元/m²,3室2厅,81m²,中层(共15层),近地铁配套成熟品质小区
新出好房 铭和苑精装25万 月供6000 送大露台 看房方便,188,20970元/m²,2室2厅,89m²,低层(共15层),近地铁南北通透
"下沙文泽路地铁口500米,准现房毛坯交付3.9米微结构很新潮",95,16379元/m²,2室2厅,58m²,中层(共14层),南北通透近地铁配套成熟
地铁1号线地铁口旁交通方便，一线湖景酒店式公寓，精装交付现房,150,30000元/m²,1室1厅,50m²,中层(共16层),新房房源近地铁交通便利
首付9万，外地人可买，独立产证，可落户，70年产权，义蓬名苑,47.3,8427元/m²,3室2厅,56m²,中层(共16层),配套成熟繁华地段品质小区
（杭州，落户新政策）精装学 区房 | 公积金可贷款 | 可购,42,8936元/m²,3室2厅,47m²,中层(共16层),近地铁繁华地段品质小区
房东急抛，低于市场价，外地人可买，产证齐全，送家电具，通燃气,68.7,7790元/m²,3室2厅,88m²,中层(共12层),
下沙地铁一号线400M。精装三房即买即住外地可落户，随时看房,77,9506元/m²,3室2厅,81m²,中层(共13层),近地铁配套成熟交通便利
外地可买，可落户上学刚需必选，头姿必看，总价超低，，送精装修,79,8876元/m²,3室2厅,89m²,中层(共13层),近地铁近学校配套成熟
首付18万当天落户，俩卧室带一书房，业主亲诺来电享9折！电我,74,8605元/m²,3室2厅,86m²,低层(共15层),近地铁配套成熟品质小区
东岸三区 南北通透 边套户型 小区中心位置 精装修拎包入住,160,27501元/m²,2室1厅,58m²,中层(共17层),交通便利繁华地段品质小区
房东降价处理|外地人可买丨精装修送产权车位|首付三成丨价可谈,71.6,13769元/m²,2室2厅,52m²,中层(共12层),近地铁配套成熟繁华地段
精装无税 地铁口 不限购不限贷 首付仅8万 投姿守选 送车位,48,10435元/m²,2室2厅,46m²,中层(共15层),近地铁安全性高繁华地段
急丨外地人可买（房东移民急抛）（精装修送产权车位）可落户上学,51,8947元/m²,2室2厅,57m²,中层(共16层),南北通透近地铁配套成熟
金沙湖地铁口，配套成熟，包租4千，现购现租，产权清晰，送装修,49,10889元/m²,2室2厅,45m²,中层(共15层),近地铁配套成熟繁华地段
热荬！热荬！14岁少女放学后被醉酒父亲暴打，母亲无奈卖房离婚,45,10933元/m²,2室2厅,41m²,中层(共14层),近地铁繁华地段品质小区
劲爆急售！直降9万！包租5千！无需社保！可上学！送家具家电！,31.5,7500元/m²,2室2厅,42m²,中层(共12层),送车位拎包入住近地铁
首付12万，外地人可买可落户，可贷款，可上学，送家电，精装房,48,9600元/m²,2室2厅,50m²,中层(共14层),近地铁配套成熟繁华地段
外地人可买 送产权车位 不要社保 对口重点名校 双轨环绕,65,13830元/m²,2室2厅,47m²,中层(共15层),近地铁繁华地段品质小区
诚售！首付低！70年产权精装修两房住宅！可落户上学 随时看房,48,9600元/m²,2室2厅,50m²,中层(共15层),
急丨外地人可买（房东移民急抛）（精装修送产权车位）可落户上学,52,10000元/m²,2室2厅,52m²,中层(共15层),南北通透近地铁配套成熟
精装两房 不限购 可落户 送精装修家电齐全 即买即租 送车位,70.5,13558元/m²,2室2厅,52m²,中层(共12层),南北通透环境优美品质小区
（包税）一线一手湖景房！！精装！现房,55,12500元/m²,2室2厅,44m²,低层(共12层),南北通透近地铁配套成熟
近地铁 精装住宅 不限购贷 包租4千5 产证清晰 赠送12平,72,16000元/m²,2室1厅,45m²,中层(共14层),近地铁繁华地段品质小区
金逸雅苑，新出急售，房东直推，价钱更优惠。更有近10平赠送,119,13347元/m²,2室2厅,89m²,中层(共12层),南北通透环境优美交通便利
江东府 镇政府旁 中等楼层 三房两卫 175万 实价！,175,21292元/m²,3室2厅,82m²,低层(共15层),近地铁配套成熟品质小区
保利像素 新上 精装新房 满2 中高楼层 有钥匙价格可谈,183,22479元/m²,3室2厅,81m²,低层(共28层),南北通透
"保利像素全新精装三房,全明户型,,中间楼层,诚心急卖",180,22110元/m²,3室2厅,81m²,低层(共28层),南北通透
保利像素 精装新房 东边套 毗邻凌云 看房随时 价格可谈,195,21763元/m²,3室2厅,89m²,低层(共28层),南北通透
保利像素  精装修现房 全新房源 户型方正 送车位,195,21763元/m²,3室2厅,89m²,低层(共28层),南北通透
70年产权，无需社保，外地人可买，学校商场楼下500米范围之,50,10638元/m²,2室1厅,47m²,低层(共15层),配套成熟交通便利繁华地段
保利像素 全明边套 周边大学城环绕 采光好 满两年 价格可谈,182,20324元/m²,3室2厅,89m²,高层(共15层),南北通透采光好房型正
笋盘精装小两房，板式样板房，总价低，交通便利，享品质生活！,155,26487元/m²,2室1厅,58m²,低层(共35层),南北通透
锦湖家园刚需两房 房东急售 纯边套 近地铁天街旁,140,24138元/m²,2室1厅,58m²,低层(共18层),近地铁繁华地段品质小区
不限购 包租4千 挑高5米4 产证齐全 精装修无税 赠送车位,50,11111元/m²,2室1厅,45m²,中层(共17层),近地铁繁华地段品质小区
首付10万的精装复试公寓，通天然气，民用水电，房东包税！！,56,14000元/m²,2室2厅,40m²,中层(共12层),近地铁繁华地段品质小区
无需社保 精装LOFT4.98米 包租5千 十年包租 送车位,69,16429元/m²,2室2厅,42m²,中层(共12层),南北通透环境优美
产权过户 挑高5米5 精装修 月租4千3 以租养贷 赠送车位,43.6,10900元/m²,2室2厅,40m²,中层(共16层),跃层式送车位交通便利
不限购，首付15万，精装修，拎包入住，地铁口，通燃气，民水电,66.6,15857元/m²,2室2厅,42m²,中层(共12层),近地铁南北通透配套成熟
房东看好其他房子 现降价8万 亏本处理 只卖十天底看房有钥匙,195,23184元/m²,2室2厅,84m²,低层(共18层),南北通透
河庄站！87送15方 180万高楼层毛坯房 真实价格！随时看,180,20690元/m²,3室2厅,87m²,中层(共23层),三房朝南近地铁品质小区
江东府 82方送23方中装修只要183万 急售！,183,22152元/m²,3室2厅,82m²,中层(共18层),近地铁配套成熟繁华地段
地铁口琅琴湾 89方195万 高楼层采光好！,195,22109元/m²,3室2厅,88m²,低层(共32层),近地铁交通便利繁华地段
标题,价格,均价,房子大小,总面积,楼层,优点
东郡之星 为腾房票置换大房子 降价贱卖 错过这个价格就没了,192.4,21628元/m²,3室2厅,88m²,低层(共32层),
保利像素开发商精装修 中间楼层 采光好 价格可谈 房东诚心卖,192,21525元/m²,3室2厅,89m²,中层(共18层),南北通透
地铁口大江之星 180万三开间朝南户型方正 急售小区仅1套！,180,20690元/m²,3室2厅,87m²,中层(共23层),近地铁配套成熟品质小区
东岸嘉园|捡漏捡漏|精装四房|房东很诚心|看房方便！,293,25458元/m²,4室2厅,115m²,低层(共15层),近地铁繁华地段品质小区
赠送25平丨近地铁丨助你们落户杭州丨告别租房时代丨精装小三房,69,7822元/m²,3室2厅,88m²,中层(共11层),近地铁繁华地段品质小区
地铁1号线地铁口旁交通方便，一线湖景酒店式公寓，精装交付现房,128,25600元/m²,1室1厅,50m²,中层(共16层),新房房源南北通透
"抖音网红公寓,小三亚,1号线地.铁口,精装小套,杭州世外桃源",125,24038元/m²,1室1厅,52m²,中层(共16层),新房房源景观房下沉花园
精装修地铁口公寓.湖景房.现房总价低,125,24038元/m²,1室1厅,52m²,中层(共14层),新房房源采光好拎包入住
房东急需置换 宋都丽郡 三开间朝南 包车位185万 随时签约,185,20787元/m²,3室2厅,89m²,低层(共18层),近地铁配套成熟繁华地段
70年产权  无需社保 包租3500 可落户上学 精装送车位,78.5,8899元/m²,3室2厅,88m²,中层(共9层),
急售|房主自住精装全送|房主急降低于市场诚售|送家具家电,82,13578元/m²,2室1厅,60m²,中层(共12层),近地铁配套成熟繁华地段
房东再送20平 近地铁 无需社保可落户  七十年产权房,76,18095元/m²,2室2厅,42m²,共1层,近地铁南北通透一梯两户
湖畔中心 优惠折扣找我 精装一手一线金沙湖湖景房 大落地窗,128,23273元/m²,2室2厅,55m²,高层(共10层),南北通透
现房首开！金沙湖一线湖景公寓，一览亚运会水上项目！不限贷！,105,25000元/m²,2室1厅,42m²,高层(共11层),新房房源南北通透
金沙湖新武林壹号 自带泳池会所 4.8米精装LOFT一层享2,120,26667元/m²,2室1厅,45m²,高层(共10层),南北通透
首付十万，七十年产权住宅，外地人可买可上学。精装房，可贷款！,60,7500元/m²,2室2厅,80m²,高层(共11层),近地铁配套成熟繁华地段
可议价20万|无需S保可上学|产证齐全带车库|无税|配套成熟,86,10118元/m²,3室2厅,85m²,高层(共15层),南北通透一梯两户交通便利
不在三亚，胜似三亚，地铁一号线上盖现房公寓一线湖景配套完善,150,30000元/m²,3室2厅,50m²,高层(共17层),新房房源
"东岸家园 三区 刚需小两房, 业主诚心卖 中间楼层  近地铁",183,30912元/m²,2室1厅,59m²,中层(共17层),近地铁配套成熟交通便利
文泽路 警官大学对面 精装3.9LOFT公寓 直接可定！！,98,16695元/m²,2室2厅,58m²,中层(共18层),南北通透环境优美次新小区
阳光华城 精装修 拎包入住 小两房 文海上学 靠近文海南路站,200,34299元/m²,2室1厅,58m²,中层(共9层),近地铁拎包入住配套成熟
业主挂牌，江东壹号，如假包赔，产证齐全，7天秒过户，精装修。,59,8429元/m²,3室2厅,70m²,中层(共12层),近地铁配套成熟交通便利
金沙湖畔丨大学城对面丨无需社保即可落户丨价格真实有效可商议。,76.5,10621元/m²,3室2厅,72m²,中层(共16层),近地铁繁华地段品质小区
杜家房源！外地人可买，首付仅需80000，产证齐全，拎包入住,72,10270元/m²,3室2厅,70m²,中层(共14层),近地铁繁华地段品质小区
下沙银泰旁 精装公寓 交通方便 配套齐全,90,17829元/m²,2室1厅,50m²,低层(共22层),客厅朝南配套成熟繁华地段
（新装修）四季风景苑|文海教育|户型方正|景观好|视野好,135,23789元/m²,1室1厅,56m²,中层(共6层),近地铁近学校南北通透
送精装  ！  首付只需25万  ！ 租养贷 出租6 千|月,83,21228元/m²,2室2厅,39m²,中层(共12层),近地铁一梯两户小区中心
无税|精装修|品质小区|配套成熟|近地铁|可落户上学|送车位,94,13239元/m²,2室2厅,71m²,中层(共15层),近地铁配套成熟环境优美
投姿自住皆宜 70年产权 房东赠送17平 南北通透全明户型,86,10118元/m²,2室2厅,85m²,高层(共15层),南北通透
安选！（真实在售）首付18万，可落户上学，精装修，家电齐全，,79.6,11371元/m²,3室2厅,70m²,低层(共17层),
首付16万 房东直降12万 独立产证 随时过户 房东急售,52,9943元/m²,2室1厅,52m²,中层(共11层),南北通透送车位环境优美
安居客专员已验|产权清晰|实地拍摄|外地人可买|买即送车库,61.5,10597元/m²,2室2厅,58m²,中层(共11层),南北通透送车位环境优美
交通便利！占据重要的位置！价格可谈 首付15万 可落户上！,62,10877元/m²,3室2厅,57m²,低层(共36层),带飘窗房型正近地铁
多蓝水岸 学正学校 北欧精装两房 客厅南北都是大阳台 随时看,219,23551元/m²,2室2厅,92m²,低层(共6层),近地铁南北通透配套成熟
龙湖精装修高端品质房 房东诚心出售 有钥匙看房方便,345,39889元/m²,3室2厅,86m²,低层(共26层),近地铁素质住户安全性高
蒲公英天地一手重餐饮商铺!文海南路地铁口!下沙大学城围绕!,70,17500元/m²,1室1厅,40m²,共1层,南北通透
业主姐 姐动手术急需30万，姐弟情深赠送15拓展面积！急售,75,12097元/m²,2室2厅,62m²,中层(共15层),近地铁配套成熟品质小区
对口名校丨外地人可买丨豪华装全配丨小户型住宅丨首付三成丨可落,54,9000元/m²,2室2厅,60m²,中层(共17层),近地铁繁华地段品质小区
急售 无税 外地人可买 设施齐全 交通便利 精装修 南北通透,45,7500元/m²,2室2厅,60m²,中层(共12层),近地铁繁华地段品质小区
（热门） 精装小住宅 配套成熟 月可租3K 70年产权 急,58,9604元/m²,2室2厅,60m²,中层(共14层),近地铁配套成熟交通便利
首付18万 精装修 70年独立产权 总价可谈 可落户 送车位,68,10794元/m²,2室2厅,63m²,中层(共17层),近地铁近学校南北通透
非诚勿扰！首付5万！月供1000起！外地人可买！不限购！精装,32,8000元/m²,3室2厅,40m²,中层(共9层),近地铁配套成熟繁华地段
好不好我说了不算，您看了才知道！高及设计师设计出来的房子！,220,24628元/m²,3室2厅,89m²,低层(共34层),双阳台拎包入住品质小区
！外地人可买！首付三成！南北通透！直降5万！落户上学,68,7680元/m²,3室1厅,88m²,低层(共18层),欧式风带车库送家电
房东自住精装修三房 东边套,238,26703元/m²,3室2厅,89m²,低层(共32层),
委托来电享折扣！门口吃喝 玩乐购，首付8万，三天包落户！,35,9211元/m²,2室2厅,38m²,低层(共15层),近地铁配套成熟品质小区
急售|外地人可买|品质小区|南北通透|送产权车位|交通便利,65,9559元/m²,2室2厅,68m²,低层(共12层),南北通透配套成熟品质小区
不限购住宅，无需社保！近地铁口带學区，无税，独立产权随时过户,47,8393元/m²,3室2厅,56m²,高层(共13层),配套成熟交通便利品质小区
实得86平！超大阳台！夫妻离婚立减20万！！精装住宅随时看房,45,10000元/m²,3室2厅,45m²,高层(共15层),拎包入住配套成熟繁华地段
底价抛售，无需社保不限购，近地铁口，价格可谈，上班上学两相宜,41.5,8007元/m²,2室2厅,51m²,中层(共18层),一梯两户拎包入住近地铁
下沙铭都雅苑 精装两房 高沙地铁口 房东诚心卖 价格可谈,170,28639元/m²,2室1厅,59m²,低层(共18层),近地铁安全性高繁华地段
70年产权|满五无税|附带产权车位|无需社保|可落户上学|,45,10112元/m²,2室1厅,44m²,低层(共18层),送车位近地铁繁华地段
新雁公寓首付十万即可拎包入住，空间大采光好，无纠纷送家具.,50,9497元/m²,2室2厅,52m²,中层(共11层),近地铁配套成熟交通便利
玫瑰湾 双阳台 南北通户型正 家电齐精装修 性价比,215,26530元/m²,2室2厅,81m²,低层(共34层),拎包入住环境优美交通便利
一线江景房 精装 视野开阔 拎包入住 诚心卖 价格可谈,240,27279元/m²,2室2厅,87m²,低层(共33层),近地铁繁华地段品质小区
价格好商量 15首万婚装家电 业主换市区拎包入住 实房拍摄,80,10558元/m²,3室2厅,75m²,低层(共11层),近地铁配套成熟环境优美
保利像素 下沙大学城北 一线江景 三房两卫加书房 纯东边套,193,21543元/m²,4室2厅,89m²,高层(共30层),卫浴全明采光好房型正
铭和苑 南北通透，全明户型，金沙湖畔，业主诚心出售,330,26211元/m²,4室2厅,125m²,中层(共11层),近地铁
地铁口，70年产权不限购，外地人可购买，送价值18万产权车位,50,10638元/m²,2室2厅,47m²,低层(共18层),送车位近地铁品质小区
房东精装自住 朝南 环境好 户型正 楼下自带广场,90,17703元/m²,2室2厅,50m²,低层(共22层),配套成熟繁华地段品质小区
标题,价格,均价,房子大小,总面积,楼层,优点
碧桂园 给你个五星的家 精装两房 价格可谈,200,24257元/m²,2室2厅,82m²,低层(共32层),南北通透繁华地段品质小区
盛泰名都公寓 房东自住精装修！看房随时方便！价格可谈！,255,29203元/m²,2室2厅,87m²,低层(共30层),近地铁
宋都丽郡品质小区 房东包税包车位 210万高楼层 三开间朝南,210,23596元/m²,3室2厅,89m²,低层(共18层),近地铁配套成熟繁华地段
江东府 82送23平 三开间朝南 户型方正 采光视线无遮挡,170,20579元/m²,3室2厅,82m²,中层(共18层),近地铁配套成熟繁华地段
河庄中心 滨江品质 大江之星,200,22727元/m²,3室1厅,88m²,中层(共23层),
宋都丽郡国际 房东急售 89方包车位200万 楼层好！,200,22472元/m²,3室2厅,89m²,低层(共18层),近地铁交通便利繁华地段
70年产权精装小2房，可落户可议价，无需社保，当天可过户无税,46,8364元/m²,2室2厅,55m²,中层(共17层),南北通透送车位近地铁
水岚佳苑 20W精装小两房 麻雀虽小五脏俱全 好房不要错过,127,21569元/m²,2室2厅,58m²,高层(共12层),南北通透配套成熟繁华地段
业主已经看中房子 房主资金紧张 满五 只有契税 精装修送车位,74,16444元/m²,2室1厅,45m²,中层(共17层),南北通透近地铁品质小区
（新上房源）首付18万，已上门验证真实在售，不限购，家电齐全,47,9038元/m²,2室2厅,52m²,中层(共17层),南北通透繁华地段品质小区
（阳台） 70年产权 可落户 南北通透 好房无需犹豫急转.,72,14400元/m²,2室2厅,50m²,中层(共16层),近地铁配套成熟交通便利
（特惠诚售）内部员工房，首付18w，随时看房，校区房，地铁口,48,11429元/m²,2室2厅,42m²,高层(共17层),近地铁配套成熟低密度
精装修住宅 送车位  无需社保   外地人可买  不限购,38,8444元/m²,2室2厅,45m²,高层(共16层),配套成熟交通便利繁华地段
无税 |无需社保丨赠送家具丨外地人可买|价格可谈|不限购|,32,7442元/m²,2室2厅,43m²,高层(共13层),配套成熟交通便利繁华地段
东裕华庭 72万 2室2厅1卫 普通装修格局极好，看房随时,72,9502元/m²,2室2厅,75m²,中层(共16层),
真实在售杜绝虚假外地人无社保可买70年产权住宅可落户可上学,77,10161元/m²,2室2厅,75m²,中层(共12层),近地铁配套成熟繁华地段
地铁口宋都丽郡国际 三房两卫89方 高楼层 175万 诚售！,175,19663元/m²,3室2厅,89m²,低层(共18层),近地铁配套成熟繁华地段
急售投姿手选汇金锦绣学府送精装修复式送飘窗和阳台租金3500,67.9,7696元/m²,2室2厅,88m²,中层(共17层),南北通透带飘窗近地铁
月供3000  首付低 户型方正 精装两房 无税有本随时看房,86.4,12343元/m²,2室2厅,70m²,中层(共11层),送家电送车位安全性高
87方朝南双阳台价格谈妥 房子真实在卖可签约看房随时,175,20115元/m²,3室2厅,87m²,低层(共23层),
临平地铁口，首付3成，商业生活配套全，买房即可落户，交通便利,59,9833元/m²,2室2厅,60m²,低层(共14层),南北通透环境优美
新出房源 采光好 户型南北通 位置安静 满五年送车位 必卖!,149,19351元/m²,2室2厅,77m²,中层(共18层),近地铁配套成熟环境优美
热门户型 地铁口 精装2房 房东自住诚心出售 价格可谈,180,28187元/m²,2室2厅,63m²,低层(共33层),近地铁南北通透
"(好房)保利像素,精装3房,房东急用钱,现低于市场价,诚",199.4,22254元/m²,3室2厅,89m²,低层(共33层),南北通透
中国铁建保利像素 精装修一手现房中间楼层 随时看房 拎包入住,185,22736元/m²,3室2厅,81m²,中层(共33层),南北通透
"双阳台!大三房!新交付小区,精装修,小区。",185.2,22713元/m²,3室2厅,81m²,高层(共32层),南北通透
房东吉卖 保利精装修一手现房中间楼层 随时看房 拎包入住,195,23973元/m²,3室2厅,81m²,高层(共33层),南北通透
"保利像素,两房朝南,精装修3房2卫,拎包入住,带车位，诚卖",191,21453元/m²,3室2厅,89m²,中层(共34层),南北通透
央企保利像素 精装交付 三室二卫 大学城北 准新房 可做婚房,189,21181元/m²,3室2厅,89m²,中层(共33层),两房朝南采光好拎包入住
全新豪华精装修 绿城打造 南北通透 景观好 精装修 拎包入住,12.8,8533元/m²,2室1厅,15m²,低层(共15层),南北通透繁华地段品质小区
多蓝水岸东边套大四房，三房朝南采光好，有车位，价格便宜！,360,19543元/m²,4室2厅,184m²,高层(共6层),近地铁素质住户安全性高
首付5万无税精装修小户型 赠送车位赠送22平 通燃气价格可谈,14.9,14890元/m²,1室1厅,10m²,中层(共15层),近地铁配套成熟品质小区
无需社保丨外地人可买丨不限购限贷丨近学校丨首付18万丨精装修,50.5,17657元/m²,1室1厅,28m²,中层(共12层),南北通透近地铁次新小区
新上江景家园 精装两房朝南 可看钱塘江景 业主诚卖置换可谈价,140,23850元/m²,2室1厅,58m²,中层(共18层),南北通透
和达湖畔，现房首开！来电3万！坐揽杭州第三大湖湖景,120,24000元/m²,2室2厅,50m²,中层(共20层),新房房源南北通透
70年产权住宅|好楼层全新装修|附赠车库|超低总价外地人可买,69.7,10000元/m²,3室1厅,69m²,中层(共6层),南北通透近地铁配套成熟
大都文苑风情 文泽路300米 南北通透 精装修 中间楼层,320,23711元/m²,3室2厅,134m²,中层(共6层),近地铁近学校繁华地段
地铁口 ，全南户型 三面采光 ，买房送家电。管家式物业！安全,60,9375元/m²,2室1厅,64m²,共1层,南北通透环境优美
铭都雅苑  高楼层 两室两厅 户型方正 近地铁,180,30949元/m²,2室1厅,58m²,高层(共25层),近地铁南北通透繁华地段
铭都雅苑新上房源 中间楼层 两室两厅户型方正 高沙站0,180,30917元/m²,2室2厅,58m²,高层(共25层),近地铁南北通透繁华地段
下沙沿江 精装两室两厅  着急卖 随时看房,180,30065元/m²,2室2厅,59m²,中层(共30层),近地铁南北通透
钱塘新区郡原蓝湖国际小俩房 低首付低总价 送车位 拎包入住！,66,9565元/m²,2室2厅,69m²,高层(共10层),送车位拎包入住近地铁
大都文苑风情 边套户型 文海读书 1室1厅  采光好,145,28177元/m²,1室1厅,51m²,高层(共24层),近地铁近学校繁华地段
急！外地人无需社保，无限购，首付15万！附送精装修及产权车位,65,13830元/m²,2室2厅,47m²,高层(共17层),送车位近地铁配套成熟
租金3200，精装5.5米复式，不限贷，通天然气。急急,54,10800元/m²,2室2厅,50m²,中层(共17层),近地铁配套成熟交通便利
精装LOFT 挑高5.5  地铁口 南北通透 配送家电3证齐,58.6,14650元/m²,2室2厅,40m²,高层(共17层),南北通透近地铁配套成熟
湖畔中心 优惠折扣找我 精装一手一线金沙湖景房 大落地窗,136.2,19347元/m²,2室2厅,70m²,低层(共10层),近地铁配套成熟环境优美
价格真实！！伊萨卡排屋精装，地铁口 诚心卖 产权清晰随时可定,700,33333元/m²,5室2厅,210m²,共4层,南北通透环境优美交通便利
龙湖茗轩 精装四房 中式硬装 南北通透 诚售,520,39349元/m²,4室2厅,132m²,低层(共19层),近地铁配套成熟繁华地段
"洋房,位置好,采光视野好,自住精装修",480,36322元/m²,4室2厅,132m²,低层(共19层),近地铁南北通透
豪华精装 带地暖 边套 南北通透 诚卖 价格可谈,400,25111元/m²,4室2厅,159m²,低层(共33层),近地铁配套成熟品质小区
宋都丽郡园 195万带车位  高楼层 性价比超高 房东急卖,195,21910元/m²,3室2厅,89m²,中层(共18层),近地铁繁华地段品质小区
宋都东郡，新上瞬秒，纯毛坯，中间层，满二，低于市场价30万,185,20817元/m²,3室2厅,88m²,高层(共31层),南北通透
小区仅Ci一套，高品质小区，高楼层180万确定卖,180,20045元/m²,3室2厅,89m²,中层(共22层),
大江源著 楼层好 有车位 190万 白菜价 房东缺钱急 卖的,190,21308元/m²,3室2厅,89m²,中层(共22层),主卧朝南繁华地段品质小区
德信大江源著 地铁口住宅 高档小区 高楼层180万 真实不假,180,20049元/m²,3室2厅,89m²,中层(共22层),近地铁繁华地段品质小区
"保利像素,精装修小三房,带阳台,拎包入住,可以看实体房",194,21835元/m²,3室2厅,88m²,中层(共34层),南北通透
保利像素 精装边套3房2卫  采光好 南北通透  房东诚心卖,195,21854元/m²,3室2厅,89m²,中层(共34层),南北通透
诚售 地铁口宋都丽郡国际 89方185万 高楼采光 风格随意,185,20787元/m²,3室2厅,89m²,中层(共18层),近地铁配套成熟繁华地段
钱塘新区琅琴湾 地铁口 满两年 195万 好楼层 视线无遮挡,190,21542元/m²,3室2厅,88m²,高层(共32层),近地铁配套成熟繁华地段
标题,价格,均价,房子大小,总面积,楼层,优点
下沙CBD 金沙湖一线湖景公寓 天街旁 120万起拎包入住,120,19868元/m²,2室2厅,60m²,中层(共10层),近地铁配套成熟次新小区
热门推荐丨外地人可买丨可落户上学丨近地铁丨品质小区丨配套成熟,78,10000元/m²,2室2厅,78m²,中层(共6层),近地铁配套成熟繁华地段
不限购 包税 赠送22平 南北通透全明户型 对口学校可上学,68,11333元/m²,2室2厅,60m²,中层(共8层),南北通透近地铁配套成熟
钱塘新区江东壹号 精装两房南北通透低首付低总价 拎包即可入住,55,8333元/m²,2室2厅,66m²,中层(共8层),送车位拎包入住近地铁
（担保真实） 清雅苑 大3房 文海上学 精装修 房东诚心出售,241,19044元/m²,3室2厅,126m²,中层(共11层),近地铁近学校次新小区
杭州钱塘新区 大江东,210,15328元/m²,3室2厅,137m²,共5层,
大都文苑风情 精装修多层顶跃 带露台 户型正气 景观房,435,29795元/m²,6室3厅,146m²,高层(共6层),近地铁近学校配套成熟
裕园公寓 小两室一厅 中装修 南北通透，朝南，采光充足,110,28947元/m²,1室1厅,38m²,低层(共7层),近地铁近学校配套成熟
锦湖家园地铁口宜居好房，特价房源 东诚心出售，全天可看房，,193,32151元/m²,1室1厅,60m²,中层(共16层),近地铁配套成熟环境优美
（担保真实） 清雅苑 大四房 文海上学 房东降价20万 急售,280,17816元/m²,3室2厅,157m²,高层(共6层),近地铁近学校南北通透
高沙地铁口 低总价 低首付 拎包可住  业主诚心出售,195,33528元/m²,2室1厅,58m²,中层(共25层),近地铁
（担保真实） 盛泰名都 文海上学 近地铁 户型方正 房东急售,198,23385元/m²,2室2厅,84m²,中层(共33层),近地铁次新小区繁华地段
（好房急售）保利像素 东边套 三室二卫 拎包入住 采光好,200,22432元/m²,4室2厅,89m²,中层(共30层),南北通透
金沙湖新武林壹号 自带泳池会所 不在三亚胜在三亚  现房公寓,120,26667元/m²,2室1厅,45m²,高层(共10层),南北通透
杭州陆家嘴 一线湖景房 金沙湖CBD 亚运会分会场 准现房！,120,24000元/m²,2室2厅,50m²,高层(共11层),景观房近地铁繁华地段
急售！现房！下沙CBD 金沙湖畔  月租6K起！ 随时看房,120,24000元/m²,2室2厅,50m²,高层(共11层),新房房源近地铁环境优美
必看！下沙大学城板块！无需社保！首付仅需15万！我有钥匙！！,48,9600元/m²,2室2厅,50m²,高层(共11层),主卧朝南客厅朝南近地铁
（担保真实） 清雅苑 大3房 文海上学 边套 房东急 价可谈,210,18551元/m²,2室1厅,113m²,高层(共6层),近地铁近学校次新小区
房东挂牌急售！70年产权无税 外地人可买 产权清晰 南北通透,47,7833元/m²,3室2厅,60m²,中层(共18层),近地铁繁华地段品质小区
品质小区 产证清晰  交通便利 近地铁 拎包入住 南北通透,91,15965元/m²,2室1厅,57m²,中层(共23层),近地铁南北通透环境优美
星悦湾 地铁口 平层大四房 毛坯带车位250万，看房钥匙诚售,250,18851元/m²,4室2厅,132m²,高层(共15层),主卧朝南近地铁环境优美
三成首付可议价，精装送车位，低总价高租金，外地人可买无需社保,53.5,8917元/m²,2室2厅,60m²,中层(共10层),送车位近地铁配套成熟
新出！下沙精装稀 缺房源！金沙湖的掌上明珠！三亚既视感！,125,24038元/m²,1室1厅,52m²,高层(共11层),新房房源南北通透
新出 南部卧城高端小区 汇宇和庭 高桥学府不占 周边配套完善,310,34575元/m²,3室2厅,89m²,高层(共11层),近地铁
随时看房！首付一成，无需社保，外地人可买，豪华精装送产权车位,37,10571元/m²,3室2厅,35m²,低层(共21层),近地铁配套成熟繁华地段
首付12万，无需社保，外地人可买，70年产权，随时过户入住!,65.1,8346元/m²,3室2厅,78m²,中层(共17层),南北通透繁华地段品质小区
品质小区 交通便利 繁华地段 精装修 送车位 采光好,62.8,8650元/m²,3室2厅,72m²,中层(共16层),
文海教育 清雅苑 配套成熟 房东换市 诚心出售 价格可谈,240,18750元/m²,6室1厅,128m²,中层(共6层),近地铁近学校南北通透
急！房主急售，外地人可买，可上学，送豪华装，交通便捷，南北通,90,13846元/m²,2室2厅,65m²,高层(共16层),南北通透环境优美品质小区
"外地人可买,无需,产证齐全,精装带车位,赠15平,急售",33,8384元/m²,2室2厅,39m²,低层(共18层),南北通透送车位配套成熟
租金高丨近地铁丨不限购丨精装修丨产权清晰丨拎包入住精装修,59.6,9460元/m²,2室2厅,63m²,低层(共22层),南北通透环境优美繁华地段
急售|不限购|近地铁|70年产权小两房|可落户上学|精装两房,70,11111元/m²,2室2厅,63m²,中层(共22层),近地铁配套成熟品质小区
万科品质！绿城物业！首付10万！房东包税！送精装修！送车位！,53,24091元/m²,2室2厅,22m²,中层(共18层),近地铁配套成熟繁华地段
70年产权，房东急售，地铁口精装修，周边配套成熟，小区人车分,70,11290元/m²,2室2厅,62m²,中层(共18层),近地铁拎包入住配套成熟
免摇号！地铁0距离！免社保！租金4200！精装修！带车位！,37,10571元/m²,2室2厅,35m²,共5层,近地铁配套成熟繁华地段
捡漏！地铁口！首付10万，精装修送家电！产证清晰！民用水电！,44,11579元/m²,2室2厅,38m²,中层(共11层),近地铁配套成熟繁华地段
急急急！外地人可以买，首付15万70年产权，立即买即可拥有！,72,24000元/m²,2室2厅,30m²,低层(共18层),近地铁配套成熟品质小区
保利东湾！精装修！带大阳台！得房率高！现场看过才知道是好房！,160,20910元/m²,2室2厅,76m²,低层(共34层),赠露台近地铁交通便利
专做保利，精致小两房，刚需优选，精装修全，房东房子看好了,162,26610元/m²,2室1厅,60m²,低层(共33层),近入口带泳池安全性高
急售！低于市场价出售，无需社保，产权齐全，可落户上学，无税！,64.8,14404元/m²,3室2厅,45m²,中层(共22层),近地铁配套成熟品质小区
江景家园|刚需两房|房东诚心卖|价格可刀|欢迎看房|,160,27586元/m²,3室,58m²,中层(共18层),配套成熟繁华地段品质小区
落户上学 送家具家电，送车位 精装修 交通地铁，无需社保，,35.5,8092元/m²,3室2厅,43m²,中层(共20层),近地铁配套成熟品质小区
花园小区 江景房 三房 采光好 简约风 诚心卖,209,23541元/m²,3室2厅,88m²,中层(共33层),近地铁配套成熟交通便利
房主规定首套房首付130万二套房首付170万左右,210,23493元/m²,3室2厅,89m²,高层(共21层),
钱塘新区保利城市果岭，精装修3房，房东急售，看房随时联系,200,22910元/m²,3室2厅,87m²,高层(共34层),南北通透
东海柠檬郡 自住精装保养好 30家电全送 欢迎看房,255,28620元/m²,3室2厅,89m²,中层(共26层),近地铁南北通透
观澜云邸 一线江景房 精装修住宅 房东特诚心 成熟物业 优优,205,23180元/m²,3室2厅,88m²,高层(共42层),景观房配套成熟品质小区
东海柠檬郡 新出精装3房 中间楼层 客厅带阳台 价格可谈,221,26951元/m²,3室2厅,82m²,中层(共26层),近地铁南北通透
保利像素精准修即将交付 89方 纯边套 诚售中,205,22974元/m²,3室2厅,89m²,高层(共33层),
"下沙性价比的一个盘,保利品质,精装修,卖毛坯价。",200,22422元/m²,3室2厅,89m²,低层(共33层),南北通透
保利像素全新小区精装，家具家电全送，送车位，诚心卖,177,19763元/m²,3室2厅,89m²,中层(共30层),双阳台送车位采光好
急售！龙湖滟澜山！地铁口!精装80万 进口家具家电全送！,281,32092元/m²,3室2厅,87m²,高层(共21层),近地铁繁华地段品质小区
（精）保利像素  三室二卫 全新装修 拎包入住 楼层采光好,205,22982元/m²,3室2厅,89m²,中层(共33层),南北通透
东海柠檬郡 一线江景房 精装修自住三房 房东置换急售,220,24705元/m²,3室2厅,89m²,中层(共26层),近地铁主卧朝南繁华地段
景冉佳园，精装修三房，文海学 区，房东着急出售,289,34874元/m²,3室2厅,82m²,低层(共30层),近地铁
东郡国际 纯边套 刚需三房 自住精装修 房东置换 诚心出售,225,25470元/m²,3室2厅,88m²,高层(共33层),南北通透配套成熟品质小区
大学城北89方3方精装修35万房东自住拎包入住,238,26763元/m²,3室2厅,88m²,高层(共33层),南北通透
东裕华庭 A5户型 带10万装修 116万 房东缺 钱急 卖,116,12918元/m²,3室2厅,89m²,中层(共32层),安全性高繁华地段品质小区
城市果岭 精装修三房 房东急售 价格可谈 有车位 江景视野好,226,25456元/m²,3室2厅,88m²,中层(共32层),南北通透配套成熟交通便利
（精）房东自住装修，环保材料，纯东边套，诚售可谈,215,23982元/m²,3室2厅,89m²,高层(共33层),两房朝南田园风拎包入住
标题,价格,均价,房子大小,总面积,楼层,优点
碧桂园 新出刚需两房  房东自住精装修 有车位,210,25479元/m²,2室2厅,82m²,中层(共33层),
新出好房 精装修大两房 楼层好 满5年 看房方便 一线江景,200,21492元/m²,2室2厅,93m²,中层(共34层),近地铁南北通透
房东急~售！大降价！刚需两房，家电家具全送！满两年税费低,275,33153元/m²,2室2厅,82m²,中层(共18层),南北通透
云水站新出精致两房！自住婚房装修，现在置换住宅，急卖急卖啦！,105,13636元/m²,2室2厅,77m²,低层(共18层),近地铁配套成熟素质住户
湖畔 找我 精装一手一线金沙湖景房 大落地窗,100,21097元/m²,1室1厅,47m²,中层(共22层),近地铁配套成熟环境优美
德信开发商 盛全物业小区自带游泳池，三房两卫两厅.客厅带飘窗,325,36640元/m²,3室2厅,88m²,中层(共33层),近地铁近学校南北通透
（担保真实） 和达城  三房两厅 文海上学 地铁口 房东急售,228,26524元/m²,3室2厅,85m²,高层(共31层),南北通透
江干区 地铁口 精装修大三房 中国铁建保利像素 产权清晰,205,23034元/m²,3室2厅,89m²,中层(共33层),南北通透次新小区交通便利
东裕华庭 高楼层 带装修 三房两卫 诚心出售！,116,12918元/m²,3室2厅,89m²,中层(共32层),近地铁配套成熟品质小区
江东府 87平送26平包车位 200万 高楼层 户型正气,200,22915元/m²,3室2厅,87m²,高层(共18层),近地铁配套成熟繁华地段
地铁口宋都丽郡 好楼层包车位三房两卫200万 房东急售,200,22472元/m²,3室2厅,89m²,中层(共18层),近地铁配套成熟繁华地段
江东二路地铁口 琅琴湾 210万 带车位  满二 楼层好,210,24385元/m²,3室2厅,86m²,高层(共31层),
保利像素 大三房，两卫 精装修新房 未住人 楼层采光好,205,23034元/m²,3室2厅,89m²,中层(共33层),采光好拎包入住视野好
（担保真实） 御观邸 大四房 精装修 近地铁 近天街 急售！,300,33678元/m²,3室2厅,89m²,中层(共32层),近地铁南北通透
房源房东8号线地铁口小区滨江大江之星,175,19488元/m²,3室2厅,89m²,中层(共23层),
业主急需卖东边套看房可看接受按揭全明户型,208,23248元/m²,3室2厅,89m²,中层(共28层),南北通透
地铁口琅琴湾 前排包车位包税210万 好楼层户型方正一户一梯,210,23346元/m²,3室2厅,89m²,中层(共32层),近地铁配套成熟繁华地段
琅琴湾 包车位 满2年 200万,200,22653元/m²,3室2厅,88m²,中层(共32层),
龙湖三期新出边套三房 南北通透 出门就是天街D铁口交通便利,359,41000元/m²,3室2厅,87m²,高层(共26层),近地铁配套成熟环境优美
景冉佳园 大三房 小孩上文海! 低首付 !房东置换 诚心出售,216,26451元/m²,3室2厅,81m²,中层(共32层),近地铁配套成熟交通便利
保利像素，新上瞬秒房，中层，满二，低于市场价，只卖三天。,172,19283元/m²,3室2厅,89m²,高层(共18层),南北通透
东裕华庭 高楼层 A五户型 带装修 三房两卫两阳台 随时看,115,12937元/m²,3室2厅,88m²,中层(共33层),环境优美素质住户品质小区
琅琴湾 标准3房2厅2卫 送车位 高层只要213万 看房有匙,213,24733元/m²,3室2厅,86m²,高层(共30层),配套成熟交通便利品质小区
仅一套琅琴湾地铁口 楼 王位置 包车位203万 好楼层,203,23572元/m²,3室2厅,86m²,高层(共32层),近地铁配套成熟繁华地段
杭州碧桂园 欧式精装 拎包入住 中高楼层 送车位,205,25000元/m²,3室2厅,82m²,高层(共33层),欧式风采光好拎包入住
东裕华庭 A1户型 毛坯房 楼层高 房东诚心卖 115万,115,12872元/m²,3室2厅,89m²,高层(共33层),
（新）保利像素 三室二卫 东边套 全新装修 拎包入住！！！,203,22809元/m²,3室2厅,89m²,中层(共33层),次新小区交通便利素质住户
新上房源 保利东湾大三房 交通便利 一线江景 来看就可签,220,23303元/m²,3室2厅,94m²,中层(共34层),交通便利素质住户品质小区
急售 地铁口大江源著 89方送车位 三房两室 205万！,205,23034元/m²,3室2厅,89m²,高层(共18层),近地铁配套成熟繁华地段
湖畔中心！下沙精装稀 缺房源！金沙湖的掌上明珠！三亚既视感！,125,24038元/m²,1室1厅,52m²,高层(共11层),新房房源近地铁繁华地段
高沙地铁口 精装单身公寓 周边配套齐全 出行方便 租金可观,85,17130元/m²,1室,49m²,高层(共27层),近地铁繁华地段品质小区
急售！龙湖滟澜星座！精装超高层视野开阔！全自动智能家居全送！,98,18491元/m²,1室1厅,53m²,高层(共42层),近地铁繁华地段品质小区
时代山一室一厅，装修温馨适合居住，随时看房，楼层好位置佳诚售,88,19130元/m²,1室1厅,46m²,高层(共24层),近地铁配套成熟繁华地段
印象城五角广场 交通便利，采光充足 金沙湖繁华地段,80,18718元/m²,1室,42m²,高层(共27层),
文汇苑183方！70年住宅！5方格局！满五无税！纯边套！急！,336,18341元/m²,5室2厅,183m²,低层(共18层),近地铁配套成熟品质小区
过渡自住优选好房，低总价，精装修，近地铁一号线，周边配套成熟,155,25769元/m²,2室1厅,60m²,高层(共22层),近地铁配套成熟素质住户
保利东湾 精装修大两房 南北通透 业主换房诚心出售 价格可谈,145,23967元/m²,2室2厅,60m²,高层(共32层),南北通透
现房！被称为杭州的陆家嘴！钱塘新区一线金沙湖旁的精装成品公寓,150,25000元/m²,2室2厅,60m²,中层(共20层),新房房源南北通透
租养贷！首付8万，租房不如买房，随时看，送精装修随时看房,25,10000元/m²,1室1厅,25m²,中层(共15层),近地铁配套成熟繁华地段
下沙大学城北 东郡锦湾 启源旁 精装！无税！诚售！,183,26896元/m²,2室2厅,68m²,中层(共26层),采光好房型正拎包入住
新上婚房装修保养好，直接入住刚需置业,195,28082元/m²,2室2厅,69m²,中层(共26层),
（精）城市果岭  25万精装修两房 赠送28方 可做成三房,180,22756元/m²,2室2厅,79m²,中层(共33层),双阳台拎包入住环境优美
双地铁沿街商铺  花园式别墅型公寓 精装 三证齐全 总价低！,70,17073元/m²,2室2厅,41m²,高层(共18层),南北通透
70年产权住宅|首付15万|可落户上学|产证齐全|民用水电|,61,15250元/m²,2室2厅,40m²,中层(共20层),南北通透交通便利品质小区
铭都雅苑 1号线双地铁口 精装2房 中高楼层 低总价 诚心卖,179,30777元/m²,2室2厅,58m²,中层(共25层),近地铁配套成熟交通便利
近地铁300米无需社保0税费，送车位70年产权，急售价格可谈,76,13818元/m²,2室2厅,55m²,中层(共26层),卫浴全明交通便利品质小区
房主急售，价格可谈，配送带车位，位置好，户型正，环境优雅,59,14750元/m²,2室2厅,40m²,中层(共26层),配套成熟交通便利品质小区
急用钱变现业主就在房里等买家两天必卖看房抓紧慢了别后悔,200,22599元/m²,2室2厅,88m²,高层(共34层),近地铁交通便利安全性高
急售 地铁口星悦湾 87方170万 高楼层 采光好！,170,19444元/m²,2室2厅,87m²,高层(共18层),近地铁配套成熟交通便利
保利东湾 新上大两房的 户型正 南北通透的 房东诚心出售的,245,27684元/m²,2室2厅,88m²,中层(共34层),小区中心繁华地段品质小区
地铁口300M，无需社保，不限购不限贷，精装两房即买即住。,72,11613元/m²,2室2厅,62m²,中层(共17层),近地铁配套成熟交通便利
下沙物美必看好房 大都文苑风情大三房 硬装20多万 诚心出售,310,23204元/m²,3室2厅,133m²,高层(共11层),近地铁近学校南北通透
杭州目前唯一在售并拥有一线湖景资源的酒店式公寓项目  现房,130,25000元/m²,2室2厅,52m²,中层(共23层),新房房源远离马路靠近花园
经典跃层 精装修 可拎包入住 楼层好 采光佳 诚心出售,75,17442元/m²,2室2厅,43m²,高层(共23层),配套成熟繁华地段品质小区
外地人福利！首付15万！包租5000！可托管！上好商圈地段！,57.8,14450元/m²,2室1厅,40m²,中层(共18层),近地铁安全性高品质小区
有产证带租约，送车位，精装复式，赠送15平，通燃气以租养贷,49,10208元/m²,2室2厅,48m²,中层(共25层),小户型景观房配套成熟
急售 首付三成 送精装车位 繁华地段 交通便利 送15平,87,11508元/m²,3室2厅,75m²,中层(共20层),南北通透配套成熟交通便利
东郡之星 刚需两房 纯毛坯 客厅带阳台 新房子 诚心出售,155,22334元/m²,2室2厅,69m²,中层(共31层),南北通透次新小区
专做保利中间楼层 大两房15方，客厅朝南江景好,190,24583元/m²,2室1厅,77m²,中层(共33层),客厅朝南素质住户品质小区
"御观邸 大跃层精装修,4个阳台,全明户型,大四房,龙湖天街旁",480,36666元/m²,4室2厅,130m²,中层(共29层),近地铁南北通透
标题,价格,均价,房子大小,总面积,楼层,优点
现房！被称为杭州的陆家嘴！钱塘新区一线金沙湖旁的精装成品公寓,150,25000元/m²,2室2厅,60m²,中层(共20层),新房房源南北通透
租养贷！首付8万，租房不如买房，随时看，送精装修随时看房,25,10000元/m²,1室1厅,25m²,中层(共15层),近地铁配套成熟繁华地段
下沙大学城北 东郡锦湾 启源旁 精装！无税！诚售！,183,26896元/m²,2室2厅,68m²,中层(共26层),采光好房型正拎包入住
新上婚房装修保养好，直接入住刚需置业,195,28082元/m²,2室2厅,69m²,中层(共26层),
（精）城市果岭  25万精装修两房 赠送28方 可做成三房,180,22756元/m²,2室2厅,79m²,中层(共33层),双阳台拎包入住环境优美
双地铁沿街商铺  花园式别墅型公寓 精装 三证齐全 总价低！,70,17073元/m²,2室2厅,41m²,高层(共18层),南北通透
70年产权住宅|首付15万|可落户上学|产证齐全|民用水电|,61,15250元/m²,2室2厅,40m²,中层(共20层),南北通透交通便利品质小区
铭都雅苑 1号线双地铁口 精装2房 中高楼层 低总价 诚心卖,179,30777元/m²,2室2厅,58m²,中层(共25层),近地铁配套成熟交通便利
近地铁300米无需社保0税费，送车位70年产权，急售价格可谈,76,13818元/m²,2室2厅,55m²,中层(共26层),卫浴全明交通便利品质小区
房主急售，价格可谈，配送带车位，位置好，户型正，环境优雅,59,14750元/m²,2室2厅,40m²,中层(共26层),配套成熟交通便利品质小区
急用钱变现业主就在房里等买家两天必卖看房抓紧慢了别后悔,200,22599元/m²,2室2厅,88m²,高层(共34层),近地铁交通便利安全性高
急售 地铁口星悦湾 87方170万 高楼层 采光好！,170,19444元/m²,2室2厅,87m²,高层(共18层),近地铁配套成熟交通便利
保利东湾 新上大两房的 户型正 南北通透的 房东诚心出售的,245,27684元/m²,2室2厅,88m²,中层(共34层),小区中心繁华地段品质小区
地铁口300M，无需社保，不限购不限贷，精装两房即买即住。,72,11613元/m²,2室2厅,62m²,中层(共17层),近地铁配套成熟交通便利
下沙物美必看好房 大都文苑风情大三房 硬装20多万 诚心出售,310,23204元/m²,3室2厅,133m²,高层(共11层),近地铁近学校南北通透
杭州目前唯一在售并拥有一线湖景资源的酒店式公寓项目  现房,130,25000元/m²,2室2厅,52m²,中层(共23层),新房房源远离马路靠近花园
经典跃层 精装修 可拎包入住 楼层好 采光佳 诚心出售,75,17442元/m²,2室2厅,43m²,高层(共23层),配套成熟繁华地段品质小区
外地人福利！首付15万！包租5000！可托管！上好商圈地段！,57.8,14450元/m²,2室1厅,40m²,中层(共18层),近地铁安全性高品质小区
有产证带租约，送车位，精装复式，赠送15平，通燃气以租养贷,49,10208元/m²,2室2厅,48m²,中层(共25层),小户型景观房配套成熟
急售 首付三成 送精装车位 繁华地段 交通便利 送15平,87,11508元/m²,3室2厅,75m²,中层(共20层),南北通透配套成熟交通便利
东郡之星 刚需两房 纯毛坯 客厅带阳台 新房子 诚心出售,155,22334元/m²,2室2厅,69m²,中层(共31层),南北通透次新小区
专做保利中间楼层 大两房15方，客厅朝南江景好,190,24583元/m²,2室1厅,77m²,中层(共33层),客厅朝南素质住户品质小区
"御观邸 大跃层精装修,4个阳台,全明户型,大四房,龙湖天街旁",480,36666元/m²,4室2厅,130m²,中层(共29层),近地铁南北通透
保利东湾 改善大四房 豪华装修70万 一线江景拎包入住 急售,385,29850元/m²,4室2厅,128m²,低层(共33层),配套成熟交通便利品质小区
地铁旁 绿城物业 一线江景房 精装修 南北通透 纯边套 诚卖,300,22198元/m²,4室2厅,135m²,高层(共33层),近地铁三房朝南环境优美
地铁口精装大四房 楼层好视野佳 一线江景拎包入住 房东诚心急,315,23340元/m²,4室2厅,134m²,中层(共32层),近地铁配套成熟品质小区
城市果岭 大4房3卫 豪装全送 户型正气 房东诚心卖,420,22649元/m²,4室2厅,185m²,高层(共33层),
一手新出下沙公寓 享受一线湖景 沙滩 阳光 价格好 位置好,100,17241元/m²,1室1厅,58m²,中层(共32层),新房房源
左天街右印象城双地铁口，租金3000起，附送家具家电即买即租,65,15854元/m²,1室1厅,41m²,中层(共27层),近地铁素质住户繁华地段
高沙地铁口 楼下物美 南北通透 小区位置好 中上楼层 急卖!,70,16378元/m²,1室,42m²,高层(共27层),近地铁繁华地段品质小区
和达城 精装酒店式公寓 朝南租金高 户型好格局棒 全明户型,120,20168元/m²,1室1厅,59m²,中层(共30层),近地铁配套成熟繁华地段
70年住宅 产齐全 精装两房 外地人可买 拎包入住 无税费,94,12505元/m²,2室2厅,75m²,中层(共21层),南北通透配套成熟繁华地段
和达湖畔，现房首开，高逼格湖景公寓，坐揽亚运会水上项目,145,24167元/m²,2室2厅,60m²,中层(共25层),新房房源南北通透
云水站精装公寓，可做两房，可租3500加，价格可谈 诚心卖,80,11747元/m²,1室1厅,68m²,高层(共18层),南北通透
城市果岭 大4房 纯毛坯 南北通透 户型正气 诚心出售,306,22188元/m²,4室2厅,137m²,低层(共34层),
127方大四房，增送面积多，阳台大，高楼屋，超大视野，有钥匙,275,21925元/m²,4室2厅,125m²,高层(共31层),
专做保利大四房一线江景，南北通透，大弧形阳台！,300,23697元/m²,4室2厅,126m²,低层(共33层),景观房素质住户品质小区
城市果岭 醉便宜的精装修三房 房东急售价格可谈 有两个车位,220,27869元/m²,3室2厅,78m²,中层(共32层),主卧朝南配套成熟交通便利
地铁口新上房源 三开间朝南 精装自住 拎包入住 一线江景急售,325,23983元/m²,3室2厅,135m²,高层(共33层),近地铁主卧朝南配套成熟
"柠檬郡大厨房,厅朝南带阳台,精装三房带家电,房东诚售",340,25392元/m²,3室2厅,133m²,高层(共29层),近地铁南北通透
比市场价低14万.首付只要10万。70年产权，双轨道地铁口。,76.3,10621元/m²,3室2厅,71m²,中层(共18层),近地铁繁华地段品质小区
急售！捡漏看过来！首付10万！送车位！外地人可买！独立产权！,54.5,8321元/m²,3室2厅,65m²,中层(共25层),配套成熟次新小区品质小区
首付10万，不限购，包税费，可落户，精装修，送车位，近地铁。,59,7919元/m²,3室2厅,74m²,中层(共25层),近地铁配套成熟繁华地段
大江东 临江佳苑 可落户上学 品质小区 诚心出售 价格优惠,58,9604元/m²,2室2厅,60m²,中层(共19层),配套成熟次新小区交通便利
急抛）产证齐全无抵押|低首付|送家具家电|配套成熟|钥匙房,33,10313元/m²,2室1厅,32m²,中层(共23层),近地铁南北通透繁华地段
近地铁 70年产权住宅 不限购不限贷 可落户上学，精装送车位,79.2,20391元/m²,2室2厅,38m²,中层(共19层),近地铁送车位品质小区
首付21万，来电立减，无需社保，外地人手选，送精装修拎包入住,73,24172元/m²,2室2厅,30m²,中层(共18层),近地铁配套成熟繁华地段
近地铁！主卧可以改动丨实际面积46平方丨产证齐全丨送家电丨,26.1,8700元/m²,2室2厅,30m²,中层(共20层),送车位近地铁品质小区
抛|70年产权住宅可落户上学|配套成熟|精装带具电可仪价,53,16563元/m²,2室1厅,32m²,中层(共23层),南北通透繁华地段品质小区
投姿手选宋都新宸悦府精装复式公寓!租金3800买 一层得两层,49,13039元/m²,2室1厅,37m²,高层(共19层),全南户型送家电近地铁
海天城 大两房 装修16万多 看房说一声 随时可看 价格可议,260,25822元/m²,2室2厅,100m²,低层(共28层),近地铁配套成熟品质小区
专做保利， 新挂大两房 真实在售 刚需 拎包入住精装修 ！,165,27264元/m²,2室2厅,60m²,高层(共32层),主卧朝南近入口配套成熟
柠檬郡新出小户型！两室一厅！精装修带阳台！全明采光好！急售!,202,29580元/m²,2室2厅,68m²,高层(共26层),近地铁南北通透繁华地段
价格可谈 新出爆品房 东海柠檬郡 4房2厅 精装60万,357,30607元/m²,3室2厅,116m²,中层(共29层),近地铁南北通透
（内部保留房）房东急售！首付2成， 送精装，包税费，好地段！,40.5,12656元/m²,1室2厅,32m²,高层(共25层),安全性高繁华地段品质小区
首付6万无需社保可落户上学临近地铁500米无需无税费,46.3,13240元/m²,2室2厅,35m²,中层(共28层),配套成熟交通便利品质小区
急售首付低超低3万，90后必选，地铁350米，还送车位0税费,65,10000元/m²,2室2厅,65m²,中层(共33层),配套成熟交通便利繁华地段
来电立减5万|首付20万|无需社保|产证清晰|送30万豪装|,79,13167元/m²,2室2厅,60m²,中层(共19层),南北通透交通便利品质小区
伊萨卡国际城，纯边套户型，精装修全，带电梯口车位一个！,270,23726元/m²,3室2厅,113m²,中层(共33层),近地铁南北通透品质小区
免 税免 税|不限购不限贷|地 铁房|精装loft家电全送|,20,8696元/m²,2室2厅,23m²,中层(共22层),配套成熟繁华地段品质小区
标题,价格,均价,房子大小,总面积,楼层,优点
地铁口 精装修复式公寓 产权清晰 带车位 随时拎包入住,32,10667元/m²,2室2厅,30m²,中层(共20层),近地铁配套成熟品质小区
精装修 挑高5米5 包租6千 赠送8平 产证过户 带家具家电,24,8571元/m²,2室2厅,28m²,中层(共18层),交通便利繁华地段品质小区
投姿自住必选！首付18万即可！地铁500米精装带车位拎包入住,52,13333元/m²,2室1厅,39m²,中层(共18层),配套成熟环境优美交通便利
不限购不限贷 精装loft4.79米 通燃气 民用水电 无税,64,17297元/m²,2室2厅,37m²,中层(共22层),南北通透配套成熟品质小区
地铁口300米 房东包税急售托管 不限购民用水电 产证齐全,63,16579元/m²,2室2厅,38m²,中层(共22层),南北通透近地铁配套成熟
免 税免 税|不限购不限贷|地 铁房|精装loft家电全送|,33,11000元/m²,2室2厅,30m²,中层(共22层),近地铁配套成熟繁华地段
世茂广场降价5万！房东 诚心出售！环境优美！配套齐全,50,12984元/m²,1室1厅,38m²,中层(共28层),小户型配套成熟环境优美
龙湖滟澜星座!地铁口！！自带一楼大面积商业体！拎包入住！！！,114,18462元/m²,1室1厅,61m²,低层(共42层),近地铁繁华地段品质小区
首付8万 复式公寓 可抵贷可落户上学 精装过户买.一层送一层,51,13421元/m²,1室1厅,38m²,中层(共19层),
降价急售本周疯抢，首付极低，还送豪华精装修，还包税还包租送位,36.5,10429元/m²,2室2厅,35m²,高层(共22层),南北通透近地铁品质小区
首付18万 赠送15平 70年住宅 精装两房 南北通透 无税,64.8,12960元/m²,2室2厅,50m²,中层(共12层),南北通透配套成熟繁华地段
湖景居精装修住宅 楼层好 采光好 南北通透,305,36065元/m²,2室2厅,84m²,高层(共18层),南北通透
东裕华庭 送车位 高楼层 89方三房两厅 随时签约 房源实发,90,10017元/m²,3室2厅,89m²,中层(共33层),南北通透
义蓬名苑小区70年住宅 外地人不限购可用公积金贷款 对口学校,69.4,7798元/m²,2室2厅,89m²,中层(共20层),
投姿手选！夫妻分割财产急需脱手低于市场价3成.精装两房送家电,52.9,11360元/m²,2室2厅,46m²,中层(共22层),两房朝南双阳台带飘窗
杭州碧桂园纯毛坯2室 房东贼诚心卖 看房的打我电话 钥匙在手,189,23046元/m²,2室2厅,82m²,低层(共33层),素质住户繁华地段品质小区
首付三层 外地人可买 精装修无税 产齐全 南北通透 可落户,81,9878元/m²,3室2厅,82m²,中层(共15层),南北通透近地铁配套成熟
房东急售东边套大三房 近地铁 次新小区  毛坯带车位235万,235,16854元/m²,3室2厅,139m²,低层(共14层),配套成熟繁华地段品质小区
宋都新宸悦府 89送15方155万 处于新湾位置 诚售,155,17416元/m²,3室2厅,89m²,高层(共18层),近地铁繁华地段品质小区
（房东急售）一口价40万急售 外地人不限购 精装修 送车位,45,9574元/m²,2室2厅,47m²,中层(共16层),送车位近地铁交通便利
高沙双地铁口400米，精装两房总价低，首付3成，诚售随时看,168,28009元/m²,2室1厅,59m²,中层(共25层),近地铁客厅朝南南北通透
首付25万起可落户上学。7号线地铁口，小区拥有优越环境,120,10491元/m²,3室2厅,114m²,高层(共17层),
急售投姿手选世贸广场精装复式公寓全南户型交通便利生活配套齐全,53.9,12328元/m²,2室1厅,43m²,中层(共19层),双阳台带飘窗近地铁
70年产权 赠送22平 南北通透全明户型 对口学校可上学,78,17333元/m²,2室2厅,45m²,中层(共8层),南北通透小户型环境优美
70年产权！精装不限购！可落户上学！南北通透包税！房主急售！,62,13778元/m²,2室2厅,45m²,中层(共20层),配套成熟繁华地段品质小区
全网保真.市中心地铁口.不限购.首付只需15万.精装送车位.,52.6,9069元/m²,2室2厅,58m²,中层(共18层),送家电繁华地段品质小区
宋都东郡国际。标准两房。全新精装修，双阳台户型，精装修28万,178.8,26279元/m²,2室2厅,68m²,中层(共32层),素质住户繁华地段品质小区
（文海教育）大都文苑风情|高楼层|交通便利|周边配套成熟,106,21589元/m²,1室1厅,49m²,中层(共24层),近地铁近学校交通便利
星悦湾  跃层 86送45方 210万  房东诚心出售,210,24019元/m²,3室2厅,87m²,高层(共14层),近地铁环境优美品质小区
外地人可买|首付三城|无需社保|无税精装修|南北通透|送车位,92,10337元/m²,3室2厅,89m²,中层(共17层),南北通透近地铁环境优美
东海未名园 东南边套带阳台|采光好|视野佳|文海教育|诚心卖,123,21682元/m²,1室1厅,56m²,低层(共18层),近地铁近学校交通便利
"无 税,近地铁,品质小区,南北通透,配套成熟,精装修送车位",70,7936元/m²,3室2厅,88m²,中层(共19层),拎包入住配套成熟繁华地段
首付10万告别租房！ 房东生意失败 低于市场价 精装修车位,50,11111元/m²,2室2厅,45m²,高层(共21层),近地铁近学校配套成熟
精装复式公寓挑高5.6米 首付20万 独立产证 随时过户,64,12237元/m²,2室1厅,52m²,低层(共6层),南北通透送车位环境优美
一线视野东边套 精装80万 全新装修 房东诚售 有车位,235,26213元/m²,3室2厅,89m²,高层(共31层),
地铁口品质次新楼盘 精装修两房 房东诚卖 看房有钥匙随时,177,27717元/m²,2室1厅,63m²,低层(共33层),近地铁拎包入住
文海房源四季风景苑 大两室户型方正 南北通透采光好 配套完善,250,24197元/m²,2室2厅,103m²,高层(共9层),近地铁近学校拎包入住
香榭里花园 3室2厅2卫  三开间朝南对公园  文海学 区,310,24087元/m²,3室2厅,128m²,中层(共18层),近地铁近学校南北通透
急售！河庄宏和嘉园 买 一层送 一层精装修,200,14273元/m²,5室2厅,140m²,共5层,
70年产权 产证清晰 拎包入住 精装两房 以租养贷 包租四千,61,9385元/m²,2室2厅,65m²,中层(共16层),
急丨不县购丨精装修LOFT丨挑高5.8米丨送产权车位丨近地铁,86,20056元/m²,2室2厅,42m²,高层(共22层),近地铁南北通透配套成熟
湖畔中心 优惠折扣找我 精装一手一线金沙湖景房 大落地窗,140,19886元/m²,2室2厅,70m²,中层(共10层),南北通透环境优美
宋都东郡国际。刚需三房。南北通透。采光好。视野开阔。房东诚售,208.5,24329元/m²,3室2厅,85m²,低层(共33层),素质住户繁华地段品质小区
"免，税豪华装修学，区房,交通好,配套成熟,南北通透，品质小区",61,9385元/m²,2室2厅,65m²,中层(共21层),南北通透环境优美
新湾8号线 近地铁 近学校 大四房 中装修 180万,180,13849元/m²,4室2厅,129m²,低层(共17层),近地铁交通便利品质小区
房东滴血急 次新小区 品牌家具 随时看房 给钱就卖 拎包入住,82,9762元/m²,3室2厅,84m²,低层(共33层),近地铁配套成熟繁华地段
70年产权 价格可议 精装住宅 包租四千 以租养贷 车位赠送,72,8162元/m²,2室2厅,88m²,中层(共18层),南北通透环境优美
业主连续三周下周价格下沙江滨学正读书三房朝南一线江景满二,299,25266元/m²,3室2厅,118m²,高层(共34层),近地铁三房朝南景观房
景冉佳园，双学 区房 充分呵护下一代的璀璨起航 采光,170,27174元/m²,2室2厅,62m²,中层(共28层),近地铁
外地人可买产证齐全，精装带车位租金3千，房东急售随时看房,13.8,9200元/m²,2室2厅,15m²,中层(共15层),近地铁配套成熟品质小区
次新小区 无税精装修 品牌家具 交通便利 南北通透 拎包入住,72,9501元/m²,2室2厅,75m²,中层(共19层),送车位配套成熟品质小区
低于市场价10万  精装修大三房  拎包入住,243,26768元/m²,3室2厅,90m²,低层(共35层),配套成熟繁华地段品质小区
宋都东郡国际。新上两房，全新精装修。婚房装修。拎包即可入住。,182.8,26867元/m²,2室2厅,68m²,高层(共32层),素质住户繁华地段品质小区
产权清晰可以落户 无需社保 首付10万 精装三房产面积89平,50.3,10702元/m²,3室2厅,47m²,中层(共17层),近地铁配套成熟繁华地段
文泽路地铁口 复式精装修一手公寓 层高4.89米 繁华地段！,100,17241元/m²,2室2厅,58m²,中层(共14层),近地铁繁华地段品质小区
真实底价！！房东房子太多，现资金回笼！！急售！！,140,23810元/m²,2室2厅,58m²,中层(共18层),
买房必看|这套房子可以终结你的看房之路|产正齐全|图片实拍,102,12750元/m²,3室2厅,80m²,中层(共18层),交通便利安全性高繁华地段
急售|外地人可买|不限购不限贷|精装修送家具电|70年产权,85,10897元/m²,2室2厅,78m²,中层(共12层),南北通透配套成熟品质小区
（跃层）大都文苑风情|稀|70年产权住宅|高楼层|视野好,168,31419元/m²,2室1厅,53m²,高层(共24层),近地铁近学校环境优美
双地铁口 赠送22平 70年住宅 可落户上学 精装两房 包税,75,17857元/m²,2室2厅,42m²,中层(共15层),近地铁南北通透配套成熟
标题,价格,均价,房子大小,总面积,楼层,优点
急售急售|刚挂牌全新装修|超低首付|刚需必看|近地铁|无税,90.1,10596元/m²,3室2厅,85m²,中层(共17层),南北通透环境优美
江干复式公寓!租金3千5!5.5米挑高!无税!可过户!送车位,41,11714元/m²,2室2厅,35m²,中层(共15层),近地铁配套成熟繁华地段
东郡之星刚交付新房！楼层好，价格便宜，诚心出售，看房有钥匙！,215,23988元/m²,3室2厅,89m²,高层(共33层),
专注前滩|东方逸品|晶耀|中粮|东方悦耀|尚峰|新房二手房,70,12727元/m²,2室2厅,55m²,中层(共15层),南北通透环境优美
投姿自住皆宜 70年产权 房东赠送17平 南北通透全明户型,86,10118元/m²,2室2厅,85m²,高层(共15层),南北通透
此房位于金沙湖板块，配套齐全，业主诚心出售,213,24550元/m²,2室2厅,86m²,低层(共18层),南北通透
钱塘新区 观澜时代 全新装修 大四房 拎包入住 随时看房,300,21668元/m²,4室2厅,138m²,低层(共31层),环境优美交通便利繁华地段
钱塘新区7号地铁站口 琅琴湾 210万 好楼层 带车位,210,24402元/m²,3室2厅,86m²,高层(共32层),近地铁安全性高品质小区
近地铁 挑高5.2米，赠送12平，精装修可拎包入住外地人可买,39,9512元/m²,2室1厅,41m²,低层(共16层),南北通透小户型环境优美
降价急售 70年产权 在建地铁 精装修 易租易售  送阳台,85,11184元/m²,3室2厅,76m²,中层(共14层),南北通透环境优美
保利湾天地 精装两房两卫 南北通透户型 可自住 可出租 钥匙,101,13779元/m²,2室2厅,73m²,高层(共33层),南北通透拎包入住配套成熟
新 上！铭都雅苑 印象城 刚 需两房  价格可谈  诚心出售,174,29928元/m²,2室1厅,58m²,中层(共25层),近地铁全南户型厅带阳台
大江东政府旁 江东府 双地铁口 带装修 楼层好  随时可看房,186,22515元/m²,3室2厅,82m²,中层(共18层),主卧朝南近地铁品质小区
投姿手选！夫妻分割财产急需脱手低于市场价3成.精装两房送家电,52.9,11352元/m²,2室2厅,46m²,中层(共22层),南北通透环境优美
地铁口 大户型3房2厅2卫 中上楼层 这套错过绝不再有 满二,190,22689元/m²,3室2厅,83m²,中层(共30层),
下沙CBD|金沙湖一线湖景房|全景落地窗|视野超赞|随时看,120,19868元/m²,2室2厅,60m²,中层(共10层),近地铁配套成熟交通便利
宋都东郡国际。豪华精装修80万。有车位。进口装修材料。诚售。,242.8,27083元/m²,3室2厅,89m²,高层(共31层),素质住户安全性高品质小区
保利东湾！精装修！带大阳台！得房率高！现场看过才知道是好房！,160,20910元/m²,2室2厅,76m²,低层(共34层),赠露台近地铁交通便利
东郡国际 新上精装修三房 没有税 全屋中央空调 有车位,226,25974元/m²,3室2厅,87m²,高层(共32层),南北通透配套成熟交通便利
"金沙湖地铁1号线!无税!外地人可买,70年产权,精装修送车位",79,10936元/m²,2室2厅,72m²,低层(共18层),南北通透近地铁配套成熟
龙湖三期 大三房 纯毛坯 纯东边套 楼层高视野好 配套成熟,460,34411元/m²,3室2厅,133m²,高层(共23层),近地铁南北通透
新 上好房 龙湖三期，纯毛坯大三房  双阳台 可看金沙湖,463,34635元/m²,3室2厅,133m²,高层(共22层),近地铁厅带阳台送车位
宋都东郡国际。精装修标准两房。双阳台户型，户型优。拎包入住。,183.5,26969元/m²,2室2厅,68m²,低层(共32层),素质住户繁华地段品质小区
采光通风好|首付三成|赠送车位|豪华装送家电|外地人可买|急,106,17693元/m²,3室2厅,59m²,中层(共18层),南北通透送车位配套成熟
地铁口旁 不限购住宅 70年产权 精装两房 南北通透 送车位,81,18890元/m²,2室2厅,42m²,中层(共12层),近地铁南北通透配套成熟
保利城市果岭。新上房源。三房两卫户型。户型优，采光全明。诚售,218.5,24940元/m²,3室2厅,87m²,高层(共36层),素质住户繁华地段品质小区
首付三成 房东直降12万 精装送车位 独立产权 房东急售,56,15427元/m²,2室2厅,36m²,中层(共13层),南北通透送车位环境优美
低总价70年产权房 外地人可买首付22万 送车位 可落户上学,70.8,8026元/m²,2室2厅,88m²,中层(共9层),送车位配套成熟品质小区
钱塘新区蓝色港湾简装三房满五价格只要155万,155,16966元/m²,3室2厅,91m²,高层(共15层),近地铁安全性高品质小区
盛泰名都中心 文泽地铁口旁 位置繁华 房子好 出租租金高,76,11816元/m²,2室2厅,64m²,低层(共20层),南北通透近地铁配套成熟
御观邸 大四房100万豪修，四个阳台，龙湖天街旁，金沙湖地铁,550,42014元/m²,4室2厅,130m²,低层(共32层),近地铁南北通透拎包入住
急售 近地铁 不限购 产证清晰 拎包入住 随时看房  带车位,69,11897元/m²,2室2厅,58m²,中层(共16层),近地铁南北通透配套成熟
急售|外地人可买|豪华精装两房|送产权车位|南北通透|无税,85,13077元/m²,2室2厅,65m²,中层(共11层),南北通透配套成熟品质小区
地铁口，70年产清晰!可落户上学！精装修送车位！房东诚售！,66,12000元/m²,2室2厅,55m²,中层(共20层),近地铁配套成熟繁华地段
精致三房 两小口居家婚房 低调的奢华 纵观钱塘江简洁田园风,240,26885元/m²,3室2厅,89m²,中层(共29层),近地铁繁华地段品质小区
观澜云邸 一线江景房 精装修住宅 房东特诚心 成熟物业 优优,205,23180元/m²,3室2厅,88m²,高层(共42层),景观房配套成熟品质小区
急急急!低于市场价20万 精装修全送 南北通透 拎包入住,51,8793元/m²,3室2厅,58m²,低层(共19层),
九堡精装修公寓，近地铁口，复式LOFT，包租3千起，以租养贷,58,9063元/m²,2室2厅,64m²,中层(共22层),南北通透近地铁配套成熟
| 品质小区|配套成熟|可落户上学|无税精装|送车位,54,15429元/m²,2室1厅,35m²,中层(共17层),南北通透小户型环境优美
在建地铁， 70年产权，包租6千，浅力地段，投姿佳选，送阳台,55,11957元/m²,3室2厅,46m²,高层(共15层),南北通透配套成熟繁华地段
快来看！！！东郡惊现！豪华装修800000三房 还有一个车位,245,27328元/m²,3室2厅,89m²,高层(共31层),南北通透配套成熟交通便利
"保利东湾央企品质,江景大两房 业主自住精装30万，必看好房！",200,22324元/m²,2室2厅,89m²,低层(共34层),近地铁配套成熟环境优美
东盛家园新出好房 全明户型 精装修两室拎包住，南北通透,215,25029元/m²,2室2厅,85m²,高层(共15层),南北通透
外地户口可买|无需社保|产证齐全||无税费精装修|业主急售|,110,18113元/m²,3室2厅,60m²,中层(共18层),一梯两户送家电送车位
品质小区 70年产权 南北通透 产权清晰 送车位 外地人可买,77,8750元/m²,3室2厅,88m²,中层(共17层),南北通透近地铁环境优美
（新装修）四季风景苑|文海教育|户型方正|景观好|视野好,128,22555元/m²,1室1厅,56m²,中层(共6层),近地铁近学校繁华地段
外地可买 火爆房源 房主急售 70年产权 精装两房 南北通透,79,13167元/m²,2室2厅,60m²,中层(共12层),南北通透配套成熟繁华地段
产权70年住宅  房主急售  精装修  买到就是赚到,86,11169元/m²,3室2厅,77m²,中层(共14层),近地铁近学校配套成熟
地铁口精装 经济实用房 周围配套成熟 环境优美 适宜居住,54.5,11596元/m²,2室2厅,47m²,高层(共22层),南北通透小户型环境优美
明意公寓86方简装送阁楼带储藏室无营业税157万,157,18468元/m²,2室2厅,85m²,共5层,
急！新 上 高沙地铁口精装两房！印象城双综合体环绕！中高楼层,179,30745元/m²,2室1厅,58m²,中层(共29层),近地铁南北通透带车库
无税|品质小区||附带车位|精装送家电|外地人可买|业主急售,76,12410元/m²,3室2厅,61m²,高层(共18层),送车位配套成熟繁华地段
首付16万，70年产权住宅房外地人，25平室内面积，急！,68,13600元/m²,2室2厅,50m²,低层(共7层),南北通透配套成熟品质小区
无需社保 精装二手房 免 税  满五唯一 三开间朝南 送车位,69.8,10265元/m²,3室2厅,68m²,中层(共7层),近地铁配套成熟繁华地段
四季风景苑新出两房！带大露台带车位！30万装修！风格温馨清爽,250,28017元/m²,2室2厅,89m²,低层(共21层),近地铁近学校南北通透
钱塘新区核心地段 滨江大江之星 3房2卫 采光无遮挡 保真,170,19101元/m²,3室2厅,89m²,低层(共25层),近地铁配套成熟品质小区
泰美国际 精装修公寓 下沙西地铁口旁 户型方正 诚心出售,96,20000元/m²,1室1厅,48m²,中层(共22层),
下沙惊现首14万 精装修精装70年产权住宅 无税费送车位,45,9956元/m²,2室1厅,45m²,中层(共16层),配套成熟素质住户品质小区
地铁口 185万 诚心出售 随时签约 采光充足 保真保看 好,185,20787元/m²,3室2厅,89m²,高层(共18层),近地铁繁华地段品质小区
世茂江滨花园一期碧景湾，全新豪装三房，家具家电送，！,195,22039元/m²,3室2厅,88m²,中层(共33层),南北通透
标题,价格,均价,房子大小,总面积,楼层,优点
江东府 镇政府旁 精装修 中等楼层 183万 价格真实！,183,22152元/m²,3室2厅,82m²,中层(共18层),近地铁配套成熟品质小区
南北通透丨配套成熟地处繁华地段丨品质小区丨周边交通便利送车位,90,10227元/m²,3室2厅,88m²,高层(共9层),近地铁配套成熟繁华地段
品质小区 产证清晰 近地铁 南北通透 配套成熟 解决社保,89,10471元/m²,3室2厅,85m²,中层(共17层),南北通透配套成熟品质小区
江东府 高楼层 89方送37 东边套 可做4房！特价房！诚售,200,22326元/m²,4室2厅,89m²,高层(共18层),交通便利素质住户安全性高
景园小区北区 外地人可买首付10万！可落 户上学！70年产权,58,9667元/m²,2室2厅,60m²,中层(共15层),近地铁繁华地段品质小区
地铁1号线文泽路地铁口 精装跃层公寓 房东自住装修 家具家电,66.5,11083元/m²,2室2厅,60m²,中层(共16层),南北通透
"清雅苑精装修4房,可文海房东诚售价格美丽,户型好,随时看房。",270,19579元/m²,4室2厅,137m²,高层(共10层),近地铁近学校南北通透
190万！两房格局！朝南户型！可直接入住！房东诚心出售！,190,21421元/m²,2室2厅,88m²,中层(共18层),南北通透
时代山 两室朝南双阳台 边套户型客厅带窗 民用电诚心出售,85,14912元/m²,2室2厅,57m²,高层(共24层),南北通透
急抛！无需社保丨实房实拍精装全配丨房东包税丨外地人可买可落户,54,7397元/m²,2室2厅,73m²,中层(共19层),交通便利繁华地段品质小区
70年产权|首付20万|外的人可买|不限购|民用水电|交通好,69,13800元/m²,2室2厅,50m²,中层(共15层),交通便利品质小区
首付18万，可落户上学，70年产权急售，价格可议，送产权车位,69.9,7895元/m²,2室2厅,88m²,中层(共15层),近地铁配套成熟繁华地段
70年住宅 实验小学对面 105万 89方三房两厅 现房诚售,105,11879元/m²,3室2厅,88m²,中层(共32层),近地铁配套成熟品质小区
赠面积 品质小区 南北通透 次新小区 繁华地段 近地铁免 税,113,16843元/m²,3室2厅,67m²,中层(共17层),南北通透配套成熟品质小区
江东府 义蓬政府旁 前排高层 三房两卫 185万 诚心出售！,185,22594元/m²,3室2厅,81m²,低层(共18层),近地铁配套成熟品质小区
产权清晰 小户型70年产权 可落户可用公积金 送车位带家电,50,11111元/m²,2室2厅,45m²,中层(共11层),南北通透配套成熟交通便利
西子阳光星城 精装修2房户型 近文泽路地铁口 周边配套齐全,73,9125元/m²,3室2厅,80m²,中层(共16层),近地铁近学校南北通透
和达城 高品质小区 精装修两房 拎包入住 全明户型 采光好,255,30838元/m²,2室2厅,82m²,中层(共33层),南北通透
江干繁华地段 精装修 近地铁 免，税 外地人可买 无需社保,98,11251元/m²,3室2厅,87m²,中层(共11层),南北通透
四季风景苑，业主置换诚心卖  清新三房 寻找刚需置换者,200,23629元/m²,3室2厅,84m²,高层(共18层),近地铁近学校主卧朝南
阳光华城 精装自住保养好 楼层适中采光好 商圈成熟 文海读书,215,43190元/m²,1室1厅,49m²,中层(共9层),主卧朝南位置安静品质小区
急首付十万 精装复式公寓 送软装 产证齐全 拎包入住 带车位,49.2,18923元/m²,2室2厅,26m²,高层(共20层),小户型送车位配套成熟
首付10万，立马过户，精装修两房，送家具家电，来电抵三万哦,54,11250元/m²,2室2厅,48m²,中层(共20层),南北通透
投姿自住，包租4千，精装修层高5米，配套完善，近地铁，送车位,27,10000元/m²,2室2厅,27m²,中层(共26层),近地铁配套成熟繁华地段
挑高5.6米买1层送1层水电民用送价值20万的产权车位,67,15952元/m²,2室2厅,42m²,中层(共12层),近地铁交通便利繁华地段
东裕华庭 A5户型 89方3室2厅 中间楼层 115万,115,12808元/m²,3室2厅,89m²,中层(共32层),近地铁配套成熟品质小区
无税精装修|品质小区|配套成熟|近地铁|可落户上学|无需社保,75,9898元/m²,3室2厅,75m²,中层(共17层),近地铁配套成熟繁华地段
东部之星 下沙文泽文海双地铁口 全杭地铁口低单价 现房,96,18113元/m²,3室2厅,53m²,低层(共25层),南北通透
无税精装修|品质小区|配套成熟|近地铁|可落户上学|无需社保,75,9146元/m²,3室2厅,82m²,中层(共12层),近地铁近学校配套成熟
地铁口大江之星 180万三开间朝南户型方正 急售小区仅1套！,180,20690元/m²,3室2厅,87m²,中层(共23层),近地铁配套成熟品质小区
琅琴湾 89加28方 3室2厅 205带车位 满二中上楼层,205,22790元/m²,3室2厅,89m²,高层(共24层),南北通透环境优美
房东急售 产证齐全 可落户上学 精装住宅 随时看房 拎包入住,70,7936元/m²,2室2厅,88m²,高层(共7层),南北通透繁华地段品质小区
包租5千，首付3成，70年产证，精装无税，配套完善，送车位。,47,15667元/m²,2室2厅,30m²,中层(共16层),近地铁配套成熟繁华地段
精装修两房，家具家电全新，看房随时，房东置换急售，可谈！,47,13429元/m²,2室2厅,35m²,中层(共20层),近地铁配套成熟繁华地段
宋都丽郡  89方A户型 ，中上楼层 200万 带车位,200,22472元/m²,3室2厅,89m²,中层(共18层),近地铁配套成熟品质小区
华元十六街区 配套齐全 交通便利 楼层采光好 价格可谈,44.8,11200元/m²,2室2厅,40m²,低层(共22层),南北通透
300米地铁口！房东急售！全款可立减6万！精装修带车位！,47.9,11140元/m²,2室2厅,43m²,中层(共21层),南北通透
四季风景苑大两房 自住精装修25万 文海读书 缺少名额急卖,210,23940元/m²,2室2厅,87m²,低层(共29层),近地铁近学校
大江东 宋都丽郡国际 3房2卫 房东诚售 采光无遮挡 保真,165,18539元/m²,3室2厅,89m²,低层(共18层),近地铁配套成熟品质小区
地铁口，精装两房，月租金5000，复试6米，随时看房随时过户,47,10444元/m²,2室1厅,45m²,中层(共21层),近地铁南北通透繁华地段
"抖音网红公寓,小三亚,1号线地.铁口,精装小套,杭州世外桃源",125,24038元/m²,1室1厅,52m²,中层(共16层),新房房源景观房下沉花园
泰美国际 精装修公寓 下沙西地铁口旁 户型方正 诚心出售,85,19318元/m²,1室1厅,44m²,高层(共22层),
急售！现房！下沙CBD 金沙湖畔  月租6K起！ 随时看房,120,24000元/m²,2室2厅,50m²,高层(共11层),新房房源近地铁环境优美
东直门 东四十条 海晟名苑 全南三居室 诚意买价格可谈 税少,95.8,18352元/m²,3室1厅,52m²,中层(共22层),近地铁配套成熟安全性高
"杭州下沙大学城北一手现房住宅,保利像素.精装交付.内部房源.",203,22750元/m²,3室2厅,89m²,高层(共33层),新房房源南北通透繁华地段
首付18万 赠送15平 70年住宅 精装两房 南北通透 无税,64.8,12960元/m²,2室2厅,50m²,中层(共12层),南北通透配套成熟繁华地段
大都文苑风情 1房1厅 精装 交通便利 可上文海 文泽站口,90,23981元/m²,1室1厅,37m²,高层(共24层),近地铁近学校主卧朝南
急售 70年产权 首付15万 带车库 无需社保 外地人可落户,61,10116元/m²,2室2厅,60m²,高层(共12层),配套成熟繁华地段品质小区
急~售！铭和苑 柳翠坊 自住精装修 三房户型 诚心卖的！！！,225,22684元/m²,3室2厅,99m²,中层(共14层),近地铁交通便利繁华地段
龙湖澜轩 高品质住宅 精装修 房东诚售 随时看房！！,248,27793元/m²,2室2厅,89m²,低层(共22层),南北通透
铭和苑 新出好房！铭和苑2房2厅1卫，全明户型，诚心出售！,180,20289元/m²,2室2厅,88m²,中层(共14层),近地铁交通便利繁华地段
地铁口，70年产权不限购，外地人可购买，送价值18万产权车位,50,10638元/m²,2室2厅,47m²,低层(共18层),送车位近地铁品质小区
急~售！龙湖滟澜山127方430万 自住精装三房 毗邻天街,430,33744元/m²,3室2厅,127m²,低层(共24层),安全性高繁华地段品质小区
钱塘新区金沙湖，首付15万，精装修，可落户上学，70年产权。,60,10866元/m²,2室2厅,55m²,中层(共15层),近地铁南北通透繁华地段
钱塘新区金沙湖，首付15万，精装修可落户上学，70年独立产权,57.2,11862元/m²,2室2厅,48m²,中层(共13层),近地铁南北通透素质住户
高沙地铁口，精装修，东方铭楼还没有住过人，刚刚交付 朝南！！,100,16667元/m²,1室1厅,60m²,中层(共21层),近地铁拎包入住繁华地段
急售急售|和庄地铁口|和庄全龄学區房|产权清晰可落户|限天,96.2,12333元/m²,2室2厅,78m²,中层(共16层),南北通透送车位近地铁
湖景居精装修住宅 楼层好 采光好 南北通透,305,36065元/m²,2室2厅,84m²,高层(共18层),南北通透
世茂二期，精装大四房，一线江景 纯边套，南北通透，看房有钥匙,450,24049元/m²,4室2厅,187m²,中层(共33层),近地铁南北通透
东裕华庭 A1户型 毛坯房 楼层高 房东诚心卖 115万,115,12872元/m²,3室2厅,89m²,高层(共33层),
标题,价格,均价,房子大小,总面积,楼层,优点
降价了  机会来了 保利东湾精装修30万 重点事边套三房,230,25872元/m²,3室2厅,88m²,中层(共33层),拎包入住配套成熟品质小区
绿城新上豪装120万大五房！一线江景！配套齐，楼下就是健身房,540,20826元/m²,5室2厅,259m²,低层(共33层),近地铁美式风拎包入住
龙湖滟澜山 近地铁三房出售 房子新装修好 离天街近 购物方便,340,26681元/m²,3室2厅,127m²,中层(共22层),近地铁繁华地段品质小区
盛泰名都 西边套标准四房 户型方正 客厅主卧带阳台,350,25359元/m²,4室2厅,138m²,低层(共30层),近地铁
专做保利！！大三房，高质量居住环境！！得房率超高,250,24148元/m²,3室2厅,103m²,低层(共33层),配套成熟繁华地段品质小区
朗诗舒适跃层住宅！高楼层视野佳！采光好！南北通！,170,20910元/m²,2室1厅,81m²,高层(共32层),近地铁南北通透
梦琴湾 温馨大两房 自住精装修 家居家电全 车位,175,19434元/m²,3室2厅,90m²,中层(共17层),近地铁采光好交通便利
世茂大五房！还有一个超大阳光房！！东边套，南北通透！,420,22445元/m²,4室2厅,187m²,中层(共33层),近地铁三房朝南品质小区
（好房急售）保利像素 东边套 三室二卫 拎包入住 采光好,200,22432元/m²,4室2厅,89m²,中层(共30层),南北通透
急售|70年产权不动产|首付3成|随时可过户可上学|无需S保,110,12644元/m²,3室2厅,87m²,高层(共16层),南北通透一梯两户交通便利
萧山核心区域！无需社保！首付仅需16万！随时看房！我有钥匙！,52,8667元/m²,2室2厅,60m²,高层(共11层),安全性高繁华地段品质小区
龙湖新出精装两房大跃层 可做婚房 楼层采光好房东诚心卖,230,30439元/m²,2室2厅,75m²,中层(共23层),近地铁配套成熟素质住户
龙湖好房 好房，四室两厅三卫，南北通，户型正，视野采光皆宜,610,35389元/m²,4室2厅,172m²,高层(共11层),环境优美交通便利素质住户
精装两房！不限购！近地铁！首付25万！赠送家具家电！送车位！,82,13667元/m²,2室2厅,60m²,中层(共11层),南北通透配套成熟环境优美
店长力荐！下沙江滨站 地铁口 品质小区 一线江景 价格可谈！,213,23957元/m²,3室2厅,88m²,低层(共33层),环境优美交通便利品质小区
（首付20万！红本到手）业主看破红尘售！只挂3天！观望无,70,7865元/m²,3室2厅,89m²,高层(共6层),带车库送家电近地铁
新出好房！铭和苑3房1厅1卫，精装修20万全送，低总价带车位,185,21323元/m²,3室1厅,86m²,高层(共16层),南北通透
东郡之星 新房未入住 精装修两房，小区环境好。,169,24348元/m²,2室2厅,69m²,中层(共31层),南北通透品质小区
东郡之星 ，三房两卫  ，户型方正 ，好楼层，采光好,200,22482元/m²,3室2厅,88m²,高层(共32层),南北通透
降价急售 70年精装修大3房 带车位 外地人可买 落户上学,72.5,8236元/m²,3室2厅,88m²,中层(共17层),近地铁配套成熟繁华地段
世茂江滨 精装修20万好房！双阳台！比别的户型多拓展了5平方,208,23671元/m²,2室2厅,87m²,低层(共33层),近地铁南北通透繁华地段
东郡国际 精装修 大三房 纯边套 采光完全没毛病,219,25309元/m²,3室2厅,86m²,高层(共34层),
"东郡国际嘉湾,必看好房,大三房双阳台,中上楼层,房东诚心卖",200,22515元/m²,3室2厅,88m²,高层(共33层),南北通透带飘窗配套成熟
（新出好户型）房东急售！过渡的不二自选|保养很好|详情可咨询,205,23488元/m²,3室2厅,87m²,低层(共34层),安全性高繁华地段品质小区
真实价格300万 保利玫瑰湾纯毛坯，大四房，房源,372,27130元/m²,4室2厅,137m²,低层(共43层),配套成熟繁华地段
晨光国际次新小区 环境优雅  近地铁 置换 诚 售,258,28788元/m²,3室2厅,89m²,高层(共33层),近地铁独立电梯配套成熟
宋都晨光国际 精装修 大三房都晨光国际,450,27317元/m²,4室2厅,164m²,低层(共45层),近地铁
四季风景苑 精装四房 大露台 江景房 房东诚心出售,420,24654元/m²,4室2厅,170m²,高层(共29层),近地铁近学校南北通透
精装住宅，无社保可拎包入住首付三成,90.6,13935元/m²,2室2厅,65m²,低层(共10层),南北通透环境优美
带花园130方 唯一户型 房东诚心卖 采光好 南北通透,220,24160元/m²,3室2厅,91m²,低层(共34层),远离马路带花园采光好
70年住宅！一室一厅格局！朝南中层！降价10万！文海学 区,100,26645元/m²,1室1厅,37m²,中层(共17层),近地铁近学校南北通透
70年产权 产清晰 拎包入住 精装两房 以租养贷 包租四千,62,9538元/m²,2室2厅,65m²,中层(共16层),南北通透繁华地段品质小区
伊萨卡新出排屋，装修100万，目前已经有意向客户，想要的抓紧,549,27588元/m²,6室2厅,199m²,共4层,南北通透
江景家园！新出好房！房东自住 精挑家具家电！拎包入住！秒！！,200,23310元/m²,3室2厅,85m²,高层(共17层),配套成熟繁华地段品质小区
江景家园二区，两房朝南，精装修没住过人，出售，看房有钥匙,156,26897元/m²,2室1厅,58m²,中层(共22层),南北通透
高沙东沙家园 75万低于市场价 地铁口 全新精装修 家电全留,78.5,13305元/m²,2室2厅,59m²,中层(共12层),南北通透繁华地段品质小区
急售！ 滟澜山  刚需LOOK  天街双地铁口 秒！,188,31349元/m²,2室1厅,59m²,高层(共22层),配套成熟繁华地段品质小区
送大入户花园 纯西边套 三房户型 一线江景 南北通透 双阳台,210,23603元/m²,3室2厅,88m²,中层(共31层),近地铁配套成熟环境优美
湖畔中心 优惠折扣找我 精装一手一线金沙湖景房 大落地窗,138.6,19688元/m²,2室2厅,70m²,低层(共10层),南北通透近地铁繁华地段
保利玫瑰湾环境优美 采光无忧 业主自住精装 预约诚售,165,20360元/m²,2室2厅,81m²,低层(共34层),南北通透
急!70年产权住宅丨南北通透丨配套成熟丨交通便利丨外地人可买,123.3,14861元/m²,2室2厅,82m²,中层(共15层),南北通透送车位环境优美
首付18万赠送22平，70年产权住宅，产证齐全，可落户送车位,58,9667元/m²,2室2厅,60m²,高层(共12层),近地铁配套成熟繁华地段
地铁口 宋都丽郡 132方诚心出售265万 送车位,265,20198元/m²,4室2厅,131m²,低层(共18层),近地铁繁华地段品质小区
景冉佳园两房朝南，便宜出售，看房随时联系,180,28763元/m²,2室2厅,62m²,高层(共32层),近地铁
伊萨卡国际城 2室1厅1卫 65平,190,29231元/m²,2室1厅,65m²,中层(共33层),
70年产权住宅丨可落户上学丨无需社保丨品质小区配套成熟丨急售,43.6,9277元/m²,2室2厅,47m²,低层(共12层),南北通透复式房繁华地段
70年产权住宅丨可落户上学丨无需社保丨品质小区配套成熟丨急售,85,9633元/m²,3室2厅,88m²,中层(共6层),南北通透环境优美繁华地段
保利像素 新上 精装新房 满2 中高楼层 有钥匙价格可谈,183,22479元/m²,3室2厅,81m²,低层(共28层),南北通透
价格好商量 15首万婚装家电 业主换市区拎包入住 实房拍摄,80,10558元/m²,3室2厅,75m²,低层(共11层),近地铁配套成熟环境优美
保利东湾 改善大四房 豪华装修70万 一线江景拎包入住 急售,385,29850元/m²,4室2厅,128m²,低层(共33层),配套成熟交通便利品质小区
和达御观邸 绝品跃层 稀有户型 房东换钱 诚心出售 价格可谈,380,43152元/m²,4室2厅,88m²,低层(共32层),近地铁安全性高繁华地段
宋都东郡国际 全新精装修 大三房 三开间朝南,205,22931元/m²,3室2厅,89m²,低层(共18层),南北通透配套成熟品质小区
下沙CBD 金沙湖一线湖景公寓 天街旁 120万起拎包入住,147.7,23448元/m²,2室2厅,62m²,高层(共10层),新房房源近地铁配套成熟
钱塘新区 学正校区 云水地铁口 大三房！性价比高的房子,305,20762元/m²,3室2厅,146m²,中层(共31层),近地铁一梯两户位置安静
首付10万，70年产权住宅，外地人可买可落户可上学，精修房!,45.5,8750元/m²,2室2厅,52m²,中层(共15层),南北通透配套成熟品质小区
精装不限购 外地人可买 无需社保可落户上学 房东急售,49,13611元/m²,2室2厅,36m²,中层(共23层),近地铁配套成熟交通便利
湖左岸 跃层 改善大四房 精装修自住 南北通透 带车库,480,35121元/m²,4室2厅,136m²,中层(共20层),近地铁繁华地段品质小区
外地人可买无需摇号，送大平观景阳台车位家电，对口中心小学。,72,10000元/m²,3室2厅,72m²,中层(共17层),赠露台送家电送车位
急售！首付12万，地铁口，独立产权，包租4000，送家电车位,38,10270元/m²,1室1厅,37m²,中层(共10层),近地铁繁华地段品质小区
观澜时代国际花园温馨大三房，交通便利，房东诚心，户型好。,245,27746元/m²,3室2厅,88m²,低层(共29层),三房朝南南北通透交通便利
标题,价格,均价,房子大小,总面积,楼层,优点
东裕华庭 送车位 高楼层 89方三房两厅 随时签约 房源实发,90,10017元/m²,3室2厅,89m²,中层(共33层),南北通透
保利东湾  大三房  户型方正  采光好  房东急用钱 诚售,346,25569元/m²,3室2厅,135m²,中层(共34层),景观房位置安静房型正
劲爆！首付一成！云水地铁口！送家电车位！无需社保！外地人可买,44,11000元/m²,2室2厅,40m²,中层(共12层),近地铁繁华地段品质小区
70年产权 房东赠送17平 南北通透全明户型 对口学校可上学,50,13158元/m²,2室2厅,38m²,中层(共16层),送车位近地铁品质小区
金隅空港纯边套 诚心急售 开发商统一精装修 随时来电看房,66,12336元/m²,1室1厅,53m²,低层(共21层),
铭和苑新出好房！自住装修15万！首付50万！配套齐全诚心出售,166,19736元/m²,2室2厅,84m²,低层(共18层),南北通透环境优美
保利玫瑰湾||全明客厅三开间朝南||80方大露台||双阳台！,200,24679元/m²,3室2厅,81m²,高层(共34层),三房朝南近地铁品质小区
外地可购 首付15万 急急急  来电优惠2万 不限购不限贷,68,13878元/m²,2室1厅,49m²,中层(共28层),配套成熟交通便利繁华地段
急急急！外地人可以买，首付15万70年产权，立即买即可拥有！,72,24000元/m²,2室2厅,30m²,低层(共18层),近地铁配套成熟品质小区
繁华地段靠地铁首付低|实房拍摄设施全留|无税精装修送家具家电,78,9512元/m²,3室2厅,82m²,中层(共15层),配套成熟繁华地段品质小区
铭和苑精装修两房 刚需户型 南北通透 楼层好 采光好,189,21784元/m²,3室1厅,86m²,高层(共16层),近地铁配套成熟繁华地段
一号线高沙路站，房东急售，价格好商量，配套齐全，带大阳台,39.2,10595元/m²,2室2厅,37m²,中层(共20层),近地铁配套成熟品质小区
包租4千首付15万，精装复式，产证清晰可网签，通燃气，送车位,41,13667元/m²,2室2厅,30m²,中层(共16层),近地铁配套成熟繁华地段
大江东，义蓬名苑，非诚勿扰，产权可见，随时看房，精装，可落户,49.5,8250元/m²,2室2厅,60m²,中层(共16层),近地铁配套成熟交通便利
收租王4500起|包租 包租|送一层|LOFT通天然气,53,11522元/m²,2室2厅,46m²,中层(共18层),南北通透拎包入住环境优美
晨光国际精装修两房 价格实惠 地铁口 交通方便 房东诚心出售,190,29753元/m²,2室2厅,63m²,低层(共33层),近地铁配套成熟品质小区
世茂江滨花园 边套 电梯入户大平层 一线江景 视野开阔,460,17727元/m²,5室2厅,259m²,低层(共33层),近地铁南北通透繁华地段
世茂精装修大五房 边套 一线江景房 电梯入户 采光无敌,460,17741元/m²,5室2厅,259m²,低层(共33层),近地铁配套成熟品质小区
钱塘新区 云水地铁口 梦琴湾佳苑 一线江景 无遮挡 精装修,290,23286元/m²,3室2厅,124m²,中层(共33层),近地铁交通便利繁华地段
大学城北性价比zu i高四房 精装修  可拎包入住,329,26184元/m²,4室2厅,125m²,低层(共36层),
实|70年产权住宅|可落户上学|门口就是地铁站精装房拎包入住,43,9149元/m²,2室2厅,47m²,中层(共18层),近地铁近学校配套成熟
首付18万 精装修 70年独立产权 总价可谈 可落户 送车位,68,10794元/m²,2室2厅,63m²,中层(共17层),近地铁近学校南北通透
首付200000起。买房就可落户上学，精装修。再送地下储藏室,75,10373元/m²,3室2厅,72m²,中层(共9层),近地铁配套成熟交通便利
业主急抛！投咨手选！外地可买可落户！近地铁！赠送18平送车位,68,9714元/m²,3室2厅,70m²,中层(共18层),一梯两户送车位配套成熟
无需社保 外地人也可购买 70年产权住宅 可落户上学 精装！,38,8085元/m²,2室2厅,47m²,高层(共16层),近地铁繁华地段品质小区
湖畔 找我 精装一手一线金沙湖景房 大落地窗,116.2,20975元/m²,1室1厅,55m²,中层(共10层),南北通透近地铁繁华地段
龙湖滟澜星座精装公寓诚售，配套成熟，金沙湖D出口，两室一厅,180,24000元/m²,2室1厅,75m²,高层(共42层),近地铁安全性高繁华地段
175万，价到房东就签约，无虚价。随时看房，诚售 八号线地铁,175,20000元/m²,3室2厅,87m²,中层(共18层),配套成熟繁华地段品质小区
首付十二万起，无需社保，可落户上学，来电减28000，无税！,49.9,8911元/m²,3室2厅,56m²,中层(共12层),近地铁近学校采光好
中外公寓 新上大四房，南北通透，房东诚售，双阳台景观房,400,33187元/m²,4室2厅,120m²,中层(共26层),近地铁配套成熟环境优美
无税！外地人可买，地铁1号线，南北通透精装修，可落户上学。,58,9355元/m²,3室2厅,62m²,中层(共18层),配套成熟交通便利繁华地段
龙湖二期，大平层边套，187方甩卖房源，保。,600,32070元/m²,1室1厅,187m²,低层(共28层),近地铁次新小区素质住户
急售！业主包双税！外地可买，东边套南北通透，包租3千以租养贷,79,10128元/m²,3室2厅,78m²,高层(共21层),近地铁配套成熟繁华地段
金沙湖壹号公寓诚心出售 跃层户型可办公开公司 看房有钥匙,150,20796元/m²,2室2厅,72m²,中层(共22层),近地铁繁华地段品质小区
产证齐全，可落户上学，精装送阳台拎包入住，三轨交房，地段繁,51,10000元/m²,2室2厅,51m²,中层(共11层),南北通透交通便利素质住户
保利东湾 ，毛坯大三房，江景视野好，看房方便，房东诚心出售,257,27282元/m²,3室2厅,94m²,高层(共34层),南北通透景观房视野好
铭和苑 柳翠坊 自住精装修 三房户型 诚心卖的,199,21730元/m²,3室2厅,91m²,中层(共11层),近地铁
70年产权住宅房|豪华装修|外地人可买|首付三成|送车位|,71,8049元/m²,3室2厅,88m²,中层(共15层),南北通透送车位环境优美
1号线300米，首付13万，70年独立产权，可谈，非诚勿扰,70,13462元/m²,2室2厅,52m²,低层(共16层),南北通透送车位品质小区
南北通透 厨卫全明 中间楼层 温馨居家装修 可拎包入住,146,26245元/m²,2室1厅,55m²,低层(共16层),
保利湾天地跃层降价20万 大四房 双阳台  南北通透 有钥匙,170,12879元/m²,4室2厅,132m²,低层(共28层),近地铁配套成熟环境优美
全明西户型  两房朝南带阳台 景观楼层视野好  清爽装修,145,24485元/m²,2室1厅,59m²,高层(共24层),南北通透
泰美新出可做两室朝南 物业精装修 可直视金沙湖 看房方便,103,21730元/m²,1室1厅,47m²,中层(共22层),南北通透
因房东回家乡发展 无需社保可买 近地铁 送装修 70年产权,45.9,9766元/m²,3室2厅,47m²,中层(共12层),近地铁配套成熟品质小区
新出房源 湾南金沙湖 精装修两室一厅 全明户型 采光好无遮挡,145,25935元/m²,2室1厅,55m²,低层(共26层),南北通透配套成熟品质小区
70年产权，首付12万，低于市场价十万，赠送精装修，房东包税,69,9857元/m²,3室2厅,70m²,低层(共7层),南北通透近地铁品质小区
房屋南北通透 采光度良好 近地铁 适宜居住小区周围交通便利,39,9286元/m²,2室2厅,42m²,中层(共18层),配套成熟交通便利繁华地段
（业主挂牌）急抛！高沙地铁口！商圈中心！包租5千可托管！,68.9,16405元/m²,2室1厅,42m²,中层(共13层),近地铁素质住户繁华地段
包租保租包租，重要事情说三遍，以租养贷，月租四千，首付10万,43,9149元/m²,2室2厅,47m²,中层(共16层),南北通透近地铁配套成熟
"泰美国际大厦,朝南跃层,精装厅室分明,金沙湖绿城物业.",108,22766元/m²,1室1厅,47m²,低层(共22层),配套成熟交通便利品质小区
首付8万！！房东急售送家居！70年产权清晰！ 配套成熟可贷款,45,9572元/m²,2室2厅,47m²,中层(共23层),近地铁配套成熟繁华地段
新出 保利3房2卫，精装修25万主卧带阳台，东区江景房好楼层,250,26821元/m²,3室2厅,93m²,低层(共33层),送家电视野好繁华地段
空港公馆 精装公寓 一线江景 自住投姿都不二选择 诚心出售,70,13755元/m²,1室1厅,50m²,高层(共21层),南北通透拎包入住配套成熟
降25万在卖的家具家电都不带走，公司28星宿保驾护航还犹豫啥,318,24653元/m²,4室2厅,128m²,中层(共33层),配套成熟繁华地段品质小区
精装修工作变动低于市场价在卖的，直接拎包入住。,320,23806元/m²,3室2厅,134m²,中层(共40层),近地铁交通便利品质小区
保利东湾 一线江景  一望无际，房急售，直降50万,490,22860元/m²,5室2厅,214m²,高层(共31层),
临平地铁口，首付3成，商业生活配套全，买房即可落户，交通便利,59,9833元/m²,2室2厅,60m²,低层(共14层),南北通透环境优美
新出柠檬郡精装修三室！中高层！带车位带阳台！急售总价低！,270,30100元/m²,3室2厅,89m²,高层(共32层),近地铁南北通透繁华地段
世茂瑞景湾边套大两房    拎包入住地铁口，业主自住精装,220,24650元/m²,2室2厅,89m²,低层(共33层),近地铁南北通透
诚心出售   房东置换  看房方便  满两年,223,25448元/m²,3室2厅,87m²,高层(共31层),南北通透
标题,价格,均价,房子大小,总面积,楼层,优点
世茂瑞景湾边套大两房    拎包入住地铁口，业主自住精装,220,24650元/m²,2室2厅,89m²,低层(共33层),近地铁南北通透
诚心出售   房东置换  看房方便  满两年,223,25448元/m²,3室2厅,87m²,高层(共31层),南北通透
义蓬名苑小区70年住宅 外地人不限购可用公积金贷款 对口学校,69.4,7798元/m²,2室2厅,89m²,中层(共20层),
（新出挂牌）注意啦！注意啦！精装看房[VR]全景|细节|优惠,225,25114元/m²,3室2厅,89m²,高层(共34层),安全性高品质小区低密度
下沙银泰，中豪七格精装修，跃层江景视野好，两室一厅，拎包入住,82,18760元/m²,2室1厅,43m²,低层(共23层),两房朝南小区中心位置安静
地铁口！因置换忍痛急卖自住稀 缺户型！装修35万！学政教育,358,26065元/m²,4室2厅,137m²,中层(共42层),近地铁安全性高繁华地段
东海未名园 1房1厅 配套成熟 厅室分离 地铁 口 环境优美,130,23990元/m²,1室1厅,54m²,中层(共18层),近地铁近学校小户型
碧桂园 新上 纯毛坯次新房 刚需两房 视野开阔 采光无遮挡,198,24143元/m²,2室2厅,82m²,中层(共33层),
宋都晨光国际 186方超大毛坯 四房两卫哦 房东说价格可谈,460,24668元/m²,4室2厅,186m²,高层(共42层),近地铁主卧朝南采光天井
急售！70年产权，无需社保外地人可买，近地铁，送精装，可落户,45,14063元/m²,3室2厅,32m²,中层(共17层),近地铁繁华地段品质小区
地铁口精装修现房，即买即住，房东因工作调动要去上海，底价出售,70.8,11800元/m²,2室1厅,60m²,中层(共17层),南北通透采光好近地铁
中间楼层 全明东边套户型 居家装修可拎包入住,142,25563元/m²,2室1厅,55m²,低层(共18层),
保利东湾！大平层1年内新装修！有你想要的江景！,520,27093元/m²,4室2厅,191m²,中层(共32层),南北通透配套成熟繁华地段
"四房两卫两阳台,一线江景,安家享受生活户型,房源实拍",360,18819元/m²,4室2厅,191m²,高层(共32层),南北通透环境优美繁华地段
保利东湾刚需置业 两室两厅精装30万 家具家电全送 必看好房,155,25611元/m²,2室2厅,60m²,高层(共32层),配套成熟交通便利繁华地段
重磅！看不上白送！价值60000家具全送！东边套南北通透诚售,71.9,9923元/m²,3室2厅,72m²,中层(共22层),独立电梯近地铁繁华地段
碧桂园四房 一级物业  精装30万 房东诚心卖 看房方便,420,24563元/m²,4室2厅,170m²,高层(共33层),主卧朝南繁华地段品质小区
不限购，首付15万，精装修，拎包入住，地铁口，通燃气，民水电,66.6,15857元/m²,2室2厅,42m²,中层(共12层),近地铁南北通透配套成熟
无税丨外地人可买丨豪华装送家电丨首付三成丨南北通透丨送车位急,65,10833元/m²,2室2厅,60m²,中层(共18层),南北通透送家电送车位
临江佳苑毛坯三证齐全,120,10506元/m²,3室2厅,114m²,中层(共6层),
金沙湖繁华地段 景观房 全明户型 小区中 心位置 精装修两房,340,38104元/m²,2室2厅,89m²,低层(共22层),近地铁繁华地段品质小区
首付15万，紧邻地铁口，送10平方，无需社保，包落户，可贷款,80,11429元/m²,2室2厅,70m²,中层(共18层),近地铁配套成熟繁华地段
南北通透，首付100000，精装修复式，民水民电无税，带车位,77,16042元/m²,2室2厅,48m²,中层(共24层),近地铁安全性高品质小区
急抛！低于市场价10万，外地人可买，可落户上学，豪华装修带车,66,10645元/m²,2室1厅,62m²,中层(共16层),南北通透配套成熟环境优美
"金沙湖畔 柠檬郡三房,客厅带阳台 纯毛坯!诚售可谈!有钥匙!",252,28119元/m²,3室2厅,89m²,低层(共29层),近地铁南北通透
四季风景苑 精装四房 十几平露台 一览众楼小 房东诚心出售,440,25828元/m²,4室2厅,170m²,高层(共29层),近地铁近学校配套成熟
龙湖二期 大面积三房二个卫生间 纯毛坯送车位 看房随时方便,400,31323元/m²,3室2厅,127m²,低层(共24层),南北通透
下沙西地铁口 景观房 全明户型 品质小区 环境好 绿化率高,300,35474元/m²,2室2厅,84m²,高层(共18层),近地铁繁华地段品质小区
金沙湖板块60平品质高层东端头小户型 全南朝向 诚意稳定出售,200,33333元/m²,2室2厅,60m²,中层(共22层),配套成熟繁华地段品质小区
铭和苑新上精装三房，南北通透采光好房东诚心出售随时看房,180,20747元/m²,3室1厅,86m²,高层(共16层),近地铁繁华地段品质小区
精装交房，首付十万，外籍户口可买，家电齐全，先到先得，急售！,59,12553元/m²,2室2厅,47m²,高层(共18层),送家电近地铁配套成熟
无需社保 近地铁 外地人可买 低总价 70年产权 独立产权,90,13636元/m²,2室1厅,66m²,中层(共15层),近地铁配套成熟繁华地段
铭和苑自住装修 保养很好的 直降15万 诚心出售看房有钥匙,198,23524元/m²,3室2厅,84m²,高层(共11层),南北通透
9月精 品！急售，外地人可买，不限购，70年权，可落户上学！,69.5,7809元/m²,2室2厅,89m²,高层(共10层),南北通透近地铁环境优美
湾天地送精装修，送家具家电低于市场价，刚需优选拎包入住，急卖,73,12285元/m²,3室1厅,59m²,低层(共17层),交通便利素质住户安全性高
世茂精装修公寓交通便利出行方便拎包入住,55,12260元/m²,1室1厅,44m²,高层(共28层),交通便利安全性高繁华地段
观澜朗轩 新上纯边套精装40万！带宽敞入户花园 双阳台 诚售,220,23384元/m²,3室2厅,94m²,低层(共29层),南北通透地中海风拎包入住
观澜时代大四房  精装修30万 房东自住 低于市场40万!,308,22246元/m²,4室2厅,138m²,低层(共33层),环境优美交通便利繁华地段
世茂大平层! 一线江景!一个卧室! 低于市场50万!,315,19678元/m²,5室2厅,160m²,高层(共33层),近地铁南北通透
地铁口两房，景冉家园，文海教育，学习名额未用就卖,225,27655元/m²,2室2厅,81m²,高层(共30层),近地铁
保利央企 精装修 一线江景 边套两房 看房有钥匙 价格可谈,201,22712元/m²,2室2厅,88m²,高层(共34层),厅带阳台视野好配套成熟
宋都晨光 下沙江滨地铁口 位置好 视野开阔 房东诚心卖 面聊,275,31895元/m²,3室2厅,86m²,低层(共34层),近地铁全南户型南北通透
全景看房，新上全明大四房，南北通透纯边套，房东急降30万！,285,21237元/m²,4室2厅,134m²,低层(共31层),安全性高繁华地段品质小区
"下沙经典户型,买130平送30平,20平的阳台环视一线钱塘江",310,23100元/m²,4室2厅,134m²,低层(共33层),南北通透环境优美繁华地段
新出好房 伊萨卡国际城 户型正气 精装修 江景大三房 诚心卖,296,23383元/m²,3室2厅,126m²,高层(共33层),近地铁南北通透
"铭和苑大两房 房东自住装修,保养好,南北通透,价格可谈",220,26153元/m²,2室2厅,84m²,中层(共18层),南北通透拎包入住
金沙国际 新上毛坯一房民用水电 房东诚心出售随时看房,68,14468元/m²,1室1厅,47m²,中层(共26层),近地铁繁华地段品质小区
钱塘新区 急卖保利 精装公寓4房  一线江景无遮挡 南北通透,150,11450元/m²,4室2厅,131m²,中层(共28层),南北通透配套成熟交通便利
全明边套户型  低总价三房 温馨居家装修可拎包入住,295,23112元/m²,3室2厅,127m²,中层(共11层),近地铁拎包入住
价格保源，豪华装修50万！低于市场价！带车位！一线江景！,280,20747元/m²,4室2厅,134m²,高层(共36层),近地铁配套成熟交通便利
房东在美国创业，急需回笼资金 ，所以降价急卖，钥匙在我这里,166,25328元/m²,1室1厅,65m²,中层(共34层),近地铁
房东儿子结婚置换新房 无需社保可买 近地铁 送家具 送车位,54,9310元/m²,3室2厅,58m²,中层(共13层),近地铁配套成熟品质小区
中豪七格 经典跃层 4.2层高精装修 朝南 采光不受任何影响,90,17647元/m²,3室1厅,51m²,低层(共23层),配套成熟繁华地段品质小区
经典跃层 4.2层高 自住装修 品质小区 成熟配套,90,17854元/m²,4室1厅,50m²,低层(共23层),配套成熟繁华地段品质小区
无需社保，超超底价，仅次一套，速度看过来，请你把握住！,42.9,9123元/m²,2室2厅,47m²,中层(共11层),近地铁配套成熟品质小区
龙湖滟澜山 精装修两房 拎包入住看房方便 到价可谈 诚心出售,260,31882元/m²,2室2厅,81m²,中层(共24层),环境优美交通便利素质住户
西子阳光！！！送精装，70年产权，外地人可买，可落户上学,58.5,10446元/m²,2室2厅,56m²,中层(共13层),近地铁近学校配套成熟
近地铁，边套三房两厅一卫，客厅卧室朝南带阳台，中间楼层，诚售,235,26140元/m²,3室2厅,89m²,高层(共34层),近地铁南北通透拎包入住
只发眞方源丨 首付三成配套成熟丨可用公积金丨70年产权住宅,80,14545元/m²,2室2厅,55m²,中层(共14层),南北通透环境优美交通便利
和达城 3室2厅 自住精装 朝南客厅带阳台  地毯零,325,37808元/m²,3室2厅,85m²,高层(共27层),南北通透
标题,价格,均价,房子大小,总面积,楼层,优点
只发眞方源丨 首付三成配套成熟丨可用公积金丨70年产权住宅,80,14545元/m²,2室2厅,55m²,中层(共14层),南北通透环境优美交通便利
和达城 3室2厅 自住精装 朝南客厅带阳台  地毯零,325,37808元/m²,3室2厅,85m²,高层(共27层),南北通透
地铁口公寓！自住全新装修！出行方便！注 册公司！自住首 选,99,14776元/m²,1室2厅,67m²,高层(共28层),素质住户安全性高品质小区
（假一赔十）首付18万！精装修住宅！商业配套成熟！近地铁！,59.9,14262元/m²,2室2厅,42m²,中层(共18层),拎包入住近地铁繁华地段
龙湖精装复式2房2卫满两年家电全看房随时有钥匙,260,31839元/m²,2室2厅,81m²,高层(共24层),南北通透
唯有钱江 保利独秀 品质小区 户型方正 一线江景  随时看房,290,25921元/m²,4室2厅,111m²,中层(共33层),主卧朝南客厅朝南南北通透
38佰店華邦，实见好房！周沫特价 房东急降10万 可看房！！,168,24408元/m²,2室2厅,68m²,高层(共25层),双阳台位置安静送车位
房屋南北通透 采光度良好 近地铁 适宜小区周围交通便利,68,9407元/m²,2室2厅,72m²,中层(共16层),南北通透近地铁配套成熟
03佰店華邦，实见好房！周沫特价 房东急降10万 可看房！！,156,25624元/m²,2室2厅,60m²,低层(共32层),近入口位置安静近地铁
实际面积72平！速抢,50,10000元/m²,2室2厅,50m²,中层(共18层),两房朝南
铭和苑 全明采光全通透户型 楼层棒 诚意稳定出售,320,25417元/m²,3室2厅,125m²,中层(共11层),近地铁配套成熟交通便利
无需社保可买，产证齐全，精装修带车位，包租4500，地段繁华,61.5,12654元/m²,2室2厅,48m²,中层(共6层),主卧朝南带飘窗拎包入住
多蓝水岸，四房精装小高层，得 房 率 高，户型好，看房方便。,222,16328元/m²,4室2厅,135m²,高层(共11层),近地铁
真实在售，可随时看房，地铁一号线500米，产证齐全，可落户。,66,9167元/m²,3室2厅,72m²,中层(共14层),配套成熟交通便利品质小区
房型采光好 通风顺畅 使用面积率高 70年大产权房 落户读书,62,7949元/m²,2室2厅,78m²,中层(共15层),近地铁配套成熟品质小区
宋都东郡国际纯边套诚心出售看房方便精装自住温馨大家,200,22227元/m²,3室2厅,89m²,中层(共26层),南北通透
外地人可买！首付三成！精装送车位！无需社保！来电立减5万！,33,11000元/m²,2室2厅,30m²,中层(共12层),南北通透环境优美
龙湖二期 小两房 通燃气精装修 近地 铁 出行方便价格可谈,189,31563元/m²,2室1厅,59m²,高层(共22层),南北通透拎包入住近地铁
新铭和苑 四开间朝南 可改三房 全新精装修 业主置换车位十万,168,22120元/m²,2室2厅,75m²,中层(共13层),南北通透
东郡之星现交新房 全明户型 诚心出售 看房方便 配套齐全,178,20029元/m²,3室2厅,88m²,中层(共25层),
世茂江滨花园 户型方正！全南户型 价格真实 看中还可谈！,200,22776元/m²,2室2厅,87m²,低层(共33层),近地铁南北通透繁华地段
保利东湾纯边套，三房稀有户型，中间楼层，业主急卖，价格可谈,220,23608元/m²,3室2厅,93m²,中层(共34层),南北通透
"保利东湾 南北通透, 满5且 送入户花园 客厅带阳台 诚售",190,21469元/m²,2室2厅,88m²,高层(共34层),近地铁配套成熟环境优美
业主急售！送精装修！性价比高！全明户型！看到不要错过等你来电,79,8866元/m²,3室2厅,89m²,低层(共19层),南北通透交通便利品质小区
世茂江滨 大五房 全新精装修100万美式风格 从未入住！,550,21212元/m²,5室2厅,259m²,低层(共33层),近地铁南北通透繁华地段
东海未名园 |文海教学|精装修边套|文泽D口|得房率高|诚售,300,25424元/m²,3室2厅,118m²,中层(共6层),近地铁近学校南北通透
保利东湾 新上火热急卖房源  低于市场80万急卖 高端别墅,680,28639元/m²,6室2厅,237m²,共1层,南北通透繁华地段品质小区
我的天啊 这么便宜的嘛 不要200 不要180 只要167W,167,29891元/m²,2室1厅,55m²,低层(共26层),拎包入住
精装修 近地铁 首付15万可落户 对口名校 产证齐全 无税费,48,12000元/m²,2室2厅,40m²,低层(共16层),南北通透配套成熟品质小区
杭州碧桂园，双拼别墅，全自住难得一套，有兴趣咨询我,899,35049元/m²,5室2厅,256m²,共4层,
柠檬郡家园 精装三房两厅一厨两卫 中间楼层 采光全天无遮挡,328,29552元/m²,2室2厅,110m²,低层(共29层),近地铁配套成熟繁华地段
保利央企！新出房源！房东上门挂牌！诚心出售！随时看房！,190,21179元/m²,2室2厅,89m²,低层(共34层),
低于市价急售|产权清晰|实地拍摄|外地人可买|产权清晰|无税,72,8162元/m²,3室2厅,88m²,中层(共17层),南北通透送家电送车位
急！无税，外地人可买，可落户上学，精装修，交通便捷，南北通透,102,15224元/m²,2室2厅,67m²,中层(共18层),配套成熟环境优美交通便利
观澜时代 精装修小三房！赠送入户大花园！精装修30万诚心卖,225,23916元/m²,3室2厅,94m²,低层(共29层),南北通透繁华地段品质小区
，低于市场价，房东急售，赠精装修产权车位，楼层采光好,100,25000元/m²,2室2厅,40m²,高层(共12层),近地铁素质住户品质小区
开学季来了！ 大促销！ 全新精装修 你看房 我来谈价格,235,26479元/m²,3室2厅,88m²,低层(共33层),拎包入住环境优美品质小区
大都新出边套 文海读书 近地铁口 朝南带阳台 满2年有钥匙,225,26393元/m²,2室2厅,85m²,低层(共11层),近地铁近学校配套成熟
不限购不限贷 挑高6米 精装修 月租4千3 以租养贷 送车位,52,9455元/m²,2室2厅,55m²,中层(共18层),复式房配套成熟繁华地段
70年产权小户型 无需社保 可落户上学 首付15万起 近学校,73.5,11308元/m²,2室2厅,65m²,中层(共16层),南北通透近地铁次新小区
杭州碧桂园。边套三房。精装拎包入住。五星物业。房东诚售。好房,220,24819元/m²,3室2厅,88m²,高层(共32层),安全性高繁华地段品质小区
70年产权住宅，产证齐全，外地人可买，可落户上学，随时看房！,35,10606元/m²,2室2厅,33m²,中层(共16层),近地铁配套成熟繁华地段
吉房出售|金沙湖商圈|近地铁|周边学校商场环绕|不限购可上学,40,10650元/m²,3室2厅,37m²,高层(共7层),南北通透近地铁配套成熟
碧桂园小区，环境好，物业管理好。自住率高，户型正好装修，急卖,180,21831元/m²,2室2厅,82m²,低层(共32层),南北通透
梦琴湾，南北通透，纯毛坯，全明户型，中层楼,305,20762元/m²,3室2厅,146m²,中层(共34层),近地铁
华元十六街区！地段优越，物业成熟，周边配套成熟，居住环境适宜,200,27735元/m²,4室2厅,72m²,高层(共16层),主卧朝南近地铁配套成熟
房东急售 下沙核心 临近地铁 包租4千 精装两房  赠送车位,69.9,13980元/m²,2室2厅,50m²,中层(共16层),南北通透配套成熟品质小区
观澜时代 17号新上房源 全新精装修50万！房东急卖！楼层好,355,25604元/m²,4室2厅,138m²,中层(共27层),南北通透繁华地段品质小区
无需摇号品质住宅！可议价8万！可落户过户~可上学~送全新装修,79.8,13125元/m²,3室2厅,60m²,高层(共9层),近地铁配套成熟繁华地段
临近地铁 精装复式 拎包入住 包租四千 以租养贷 车位赠送！,40,10000元/m²,2室2厅,40m²,中层(共12层),近地铁繁华地段品质小区
铭和苑 新荷坊新出精装两房，全明西边套，采光好，房东诚心出售,185,21992元/m²,2室2厅,84m²,低层(共18层),近地铁繁华地段品质小区
保利湾天地 精装大两房层高5.8 南北通透户型 可自住钥匙,95,12960元/m²,2室2厅,73m²,高层(共33层),南北通透
保利小户型，刚需客户看过来！！虽是小户型，但是也有大大的视野,170,28090元/m²,2室2厅,60m²,高层(共33层),配套成熟繁华地段品质小区
非诚勿扰|产证齐全|70年产证住宅|无需社保可买|精装送家电,76,13103元/m²,3室2厅,58m²,中层(共15层),南北通透送车位近地铁
"世茂江滨花园二期,大四房西边套,看房有钥匙随时联系我",330,24452元/m²,4室2厅,134m²,高层(共33层),近地铁主卧朝南客厅朝南
科创园区 临地铁  对口 包租4K 之江铭楼 南北通透,45,9336元/m²,2室1厅,48m²,中层(共6层),南北通透近地铁配套成熟
89方两大两小四个阳台，超多增送面积，正对小区绿化，房源实拍,180,20499元/m²,2室2厅,87m²,低层(共31层),近地铁南北通透小户型
保利一期 精装两房 刚需优选 拎包入住 价格可谈 看房方便,150,25632元/m²,2室1厅,58m²,低层(共35层),南北通透拎包入住配套成熟
下沙大学城.宋都东郡国际嘉湾,220,24719元/m²,3室2厅,89m²,低层(共34层),
惊爆价！小面积刚需房，房东上门挂牌诚心出售，有钥匙随时看房！,150,24639元/m²,2室2厅,60m²,低层(共31层),素质住户安全性高品质小区
标题,价格,均价,房子大小,总面积,楼层,优点
地铁口对口学區房 可落户  精装三房 70年产权 刚需*,59,9365元/m²,3室2厅,63m²,中层(共12层),近地铁配套成熟繁华地段
本周秒杀!保利玫瑰湾！精装修三房 ，一线江景 看中可秒！,210,24060元/m²,3室2厅,87m²,中层(共18层),欧式风繁华地段品质小区
"宋都东郡国际 新上好房,精装修大三房。双阳台户型。拎包入住。",228,25601元/m²,3室2厅,89m²,低层(共33层),拎包入住
"首付65万,保利精装大两房,实得89方户型,一线江景随看房",220,24859元/m²,2室2厅,88m²,低层(共33层),环境优美交通便利繁华地段
观澜时代郎轩 精装修30万 拎包入住，带入户长廊,220,24789元/m²,3室2厅,88m²,高层(共29层),近地铁配套成熟环境优美
新出观澜时代84方跃层 纯毛坯 一线江景 房东置换,195,21940元/m²,1室2厅,88m²,高层(共43层),交通便利素质住户安全性高
地铁口 房子温馨舒适 采光好 户型方正 商圈全齐,285,21829元/m²,3室2厅,130m²,中层(共29层),近地铁繁华地段品质小区
保利东湾东区 一线江景房源，精装修空置，周末看房方便,440,21845元/m²,4室2厅,201m²,低层(共33层),送家电拎包入住繁华地段
保利央企大品牌开发商 精装大三房 房东置换新房现诚心出售此房,200,22847元/m²,3室2厅,87m²,高层(共18层),配套成熟环境优美次新小区
地铁口品质次新楼盘 精装修两房 房东诚卖 看房有钥匙随时,172,26934元/m²,2室2厅,63m²,低层(共33层),近地铁南北通透
新出好房！龙湖滟澜园3房2厅2卫，精装修45万全送，带车位,435,32658元/m²,3室2厅,133m²,低层(共33层),近地铁安全性高繁华地段
"保利东湾央企品质,边套大两房 业主自住精装,诚心出售,满5年",188,21407元/m²,2室2厅,87m²,低层(共34层),南北通透
伊萨卡国际城 钱塘新区 龙湖物业 自住保养好 钱塘江景房,253,28293元/m²,2室2厅,89m²,高层(共33层),近地铁环境优美繁华地段
免 税房，有产证带租约，租可抵贷，精装LOFT，赠送20平,42,12000元/m²,2室2厅,35m²,中层(共17层),南北通透配套成熟品质小区
急售无税 外地人可买 落户上学 精装修两房带车位 配套齐全,97.4,12855元/m²,2室2厅,75m²,中层(共22层),南北通透环境优美
江语海 一线江景 三房两卫 文海上学 精装修 拎包入住！,330,38542元/m²,3室2厅,85m²,低层(共34层),近地铁主卧朝南拎包入住
世茂峻景湾 双阳台 一线江景房 房东着急卖 看房随时,190,21638元/m²,2室2厅,87m²,低层(共33层),近地铁采光好房型正
超大阳台，90万硬装修，房东急用钱，诚心出售，大四房可做五房,560,21581元/m²,4室3厅,259m²,低层(共30层),近地铁南北通透拎包入住
180全线江景！！全新装修，从未住过人！！中式与现代的结合！,450,20994元/m²,5室2厅,214m²,高层(共33层),近地铁繁华地段品质小区
保利东湾 三房两卫 纯毛坯 小区中央位置 独门独户 中间楼层,230,25192元/m²,3室2厅,91m²,中层(共33层),靠近花园带车库次新小区
文海 阳光华城小高层电梯房 精装修，全明西边套 不占学籍,200,34299元/m²,2室1厅,58m²,低层(共18层),近地铁南北通透
下沙居家好房来袭已经装修干净清爽买来即住！房东急卖！满五,42,10500元/m²,2室2厅,40m²,低层(共19层),配套成熟繁华地段品质小区
保利东湾 精装修 拎包入住 房东诚心出售 价格可谈,185,20622元/m²,2室2厅,89m²,低层(共34层),近地铁繁华地段品质小区
火爆。宋都东郡国际。边套带车位。100方地下室。带花园。急售,278.5,22114元/m²,2室2厅,125m²,低层(共19层),素质住户繁华地段品质小区
保利东湾192方独立电梯入户东边套一线江景满五年有钥匙,370,19341元/m²,4室2厅,191m²,高层(共31层),配套成熟环境优美素质住户
保利东湾东区93方三房两卫，满五年急用钱只要230万,225,23916元/m²,3室2厅,94m²,低层(共34层),南北通透
宋都晨光国际 纯东边套 大四房 楼层好 随时看房,500,28972元/m²,4室2厅,172m²,中层(共42层),近地铁繁华地段品质小区
伊萨卡大三房  精致装修 拎包入住 诚心出售  交通便利,287,20521元/m²,3室2厅,139m²,中层(共17层),近地铁配套成熟品质小区
轮到捡漏的老板了，总价低于市场价18W，外地可买，手慢无,69,16429元/m²,2室2厅,42m²,中层(共15层),近地铁配套成熟繁华地段
龙湖新出小户型，豪装，家具家电全送，楼层高视野开阔，诚心卖,188,31349元/m²,2室2厅,59m²,高层(共24层),
（金沙湖）东海柠檬郡 新出好房 精装修三房 客厅带双阳台！,230,25828元/m²,3室2厅,89m²,中层(共26层),近地铁小区中心田园风
龙湖 茗轩 户型 楼层高 视野好,350,39991元/m²,3室2厅,87m²,中层(共21层),近地铁南北通透安全性高
德信早城 精装两房 拎包入住 交通便利 配套成熟 业主诚售,288,39795元/m²,2室2厅,72m²,高层(共18层),近地铁近学校配套成熟
大品牌朗诗国际  精装修跃层两室 自住装修走心 期待有缘人,205,25256元/m²,2室1厅,81m²,高层(共33层),近地铁配套成熟繁华地段
朗诗国际 简单装修正气两房 房东置换诚售 高品质小区,243,27721元/m²,2室2厅,87m²,中层(共31层),近地铁配套成熟繁华地段
德信早城新出精装三房，西边套全明户型，诚心出售，看房有钥匙,365,29291元/m²,3室2厅,124m²,高层(共18层),近地铁近学校繁华地段
玫瑰湾 新上稀有双阳台 大二房 户型正气 视野佳 可拎包入住,220,27040元/m²,2室2厅,81m²,中层(共34层),欧式风房型正品质小区
69方大2房  豪华装修28万 业主置换 底价出售 随时看房,181,26339元/m²,2室2厅,68m²,低层(共33层),配套成熟交通便利繁华地段
天八新上豪装300万大平层！保养新 照片真实 快来找我看！,600,21492元/m²,5室3厅,279m²,低层(共42层),位置安静拎包入住品质小区
全新未入住 精装修 江景房 好楼层 诚心卖,68,12593元/m²,1室1厅,54m²,高层(共21层),景观房拎包入住视野好
新上铭和苑 刚需两房 首付三成 低于市场价10万 近地铁,199.5,22994元/m²,2室2厅,86m²,高层(共16层),大两房顶楼繁华地段
带200方大露台 精装修80万 一线江景 视野无敌 享受型,280,34551元/m²,3室2厅,81m²,高层(共34层),南北通透景观房赠露台
宋都大盘东郡国际 户型方正 采光很好 而且房东诚心出售出行方,380,27273元/m²,4室2厅,139m²,中层(共20层),近地铁配套成熟交通便利
柠檬郡原始三房，总价低，高楼层，轻松满足三代需求，有钥匙,260,29213元/m²,2室2厅,89m²,中层(共22层),近地铁
（真图实价）（一花一世界 |一房两主人）在 线寻找有缘人！,235,27966元/m²,3室2厅,84m²,高层(共18层),素质住户繁华地段品质小区
小区精装25万边套三房，送地暖，南北通透，免双税，换房急卖,230,28618元/m²,2室2厅,80m²,低层(共32层),近地铁跃层式赠露台
私人电梯 带车位 带保姆间多阳台 豪装800000 全江景,530,20429元/m²,5室2厅,259m²,高层(共33层),近地铁
观澜时代（新出）精装三房两厅，一线江景，房东置换，诚心出售。,240,27143元/m²,3室2厅,88m²,低层(共33层),客厅朝南配套成熟环境优美
湖左岸 跃层三房 高端小区 小区自带泳池 南北通透 业主诚售,369,41146元/m²,3室2厅,89m²,高层(共20层),近地铁配套成熟交通便利
观澜时代全新精装大两房，一线江景，全屋地暖加空调。看中可谈！,195,22414元/m²,2室1厅,87m²,高层(共29层),南北通透
世茂大五房装修真心好  豪装170万 家电全送 看房方便,550,21222元/m²,5室2厅,259m²,中层(共33层),近地铁南北通透
观澜跃层2房2卫，精装修25万，少税有车位，楼层中间,210,24556元/m²,2室2厅,85m²,低层(共33层),送家电房型正繁华地段
朗诗国际科技住宅恒温恒湿恒氧 精装20万，学正教育，急售！！,205,25231元/m²,2室2厅,81m²,低层(共32层),近地铁主卧朝南大两房
龙湖滟澜山 新出大两房 高端物业 品质小区 房东诚心出售,250,28017元/m²,2室2厅,89m²,低层(共22层),近地铁繁华地段品质小区
杜绝虚假 70年产权 精装修 地铁口 外地人可买送车位免 税,66,11379元/m²,2室2厅,58m²,高层(共32层),南北通透繁华地段品质小区
泰美国际高端品质公寓 一线江景 全明户型 房间清爽,110,23187元/m²,1室1厅,47m²,低层(共22层),素质住户安全性高品质小区
铭和苑为数不多的三房 户型布局合理客厅宽敞 看房有钥匙,215,23477元/m²,3室1厅,91m²,低层(共16层),近地铁三房朝南靠近花园
急售LOFT公寓！送车位！民用水电气！5.8米层高！通燃气！,52,19259元/m²,2室2厅,27m²,中层(共17层),南北通透环境优美
世茂广场 地铁口! 精致两房 交通方便 诚售! 送家电家具。,125,12376元/m²,2室2厅,101m²,中层(共28层),近地铁素质住户安全性高
宋都物业 刚需置业 房东改善户型,193,28040元/m²,2室2厅,68m²,高层(共25层),配套成熟交通便利品质小区
标题,价格,均价,房子大小,总面积,楼层,优点
验真|临江新城小学旁|配套齐全|电梯房中间楼层全新装修低总价,90,11905元/m²,2室2厅,75m²,中层(共18层),近地铁配套成熟繁华地段
租金高位置不错，出行又方便，现在单价只要2万出头，赶快行动,213,25403元/m²,2室2厅,83m²,低层(共24层),近地铁配套成熟品质小区
世茂江滨89方两大两小四个阳台，超多增送面积，正对小区绿化,195,22207元/m²,2室2厅,87m²,低层(共31层),近地铁南北通透
景观房 全明户型 小区中心位置 一线江景房 精装修自住,155,25611元/m²,2室2厅,60m²,高层(共32层),景观房近入口配套成熟
必看！大江东，首付2成，附赠车位及储藏室，仅一套，无需社保！,70,7936元/m²,3室2厅,88m²,高层(共15层),近地铁配套成熟繁华地段
保利湾天地层高5.8跃层紧急出售一手摇号急需资金付首付,105,14384元/m²,2室2厅,73m²,中层(共23层),配套成熟交通便利素质住户
保利玫瑰湾 央企巨擘 温馨三房 送50方露台 一线江景 诚售,250,30849元/m²,3室2厅,81m²,高层(共34层),南北通透近地铁品质小区
以租养贷！公积金贷！无需社保！外地可购！送家电！送阳台!,49.7,10574元/m²,2室2厅,47m²,中层(共22层),近地铁
柠檬郡30万精装修自住好房，三房两厅一卫，双阳台，客厅朝南带,260,29197元/m²,3室2厅,89m²,中层(共26层),近地铁环境优美交通便利
百店华邦实见好房经典两房 赠送20方 楼层,178,23141元/m²,2室2厅,76m²,高层(共35层),次新小区交通便利素质住户
世茂江滨花园 业主置换诚售 带60万自住精装修 看房方便可谈,418,22339元/m²,4室2厅,187m²,中层(共33层),近地铁配套成熟环境优美
未名园新出 文海 一室一厅带阳台 采光佳 文泽路地铁口急售,150,27680元/m²,1室1厅,54m²,中层(共18层),近地铁近学校南北通透
自由港青年广场 一手房源 均价1.3万 直接下定自住出租皆宜,80,16667元/m²,2室2厅,48m²,低层(共11层),
房东包税，三证齐全，70年产权，地铁口，精装修，拎包入住,51,12439元/m²,2室2厅,41m²,中层(共19层),近地铁配套成熟交通便利
专做文海 景冉佳园，全明户型，有拓展空间，中间楼层！可议价。,185,29198元/m²,2室2厅,63m²,中层(共29层),近地铁南北通透
首付23万 地铁口300米 70年产权清晰独立 赠送精装软装,88,10918元/m²,3室2厅,80m²,中层(共11层),一梯两户采光好近地铁
地铁口 热门户型 精装三房 纯边套 看房方便 价格可谈,260,23566元/m²,3室2厅,110m²,中层(共33层),近地铁景观房拎包入住
"文海房源四季风景苑,大两室户型方正 南北通透采光好 配套完善",228,26105元/m²,2室2厅,87m²,高层(共29层),近地铁近学校配套成熟
真实在售，照片实拍，多蓝C3诚意出，四房。楼层舒心,285,20424元/m²,3室2厅,139m²,中层(共9层),近地铁配套成熟交通便利
出门就是天街 景观楼层朝南带双阳台  厨卫全明,298,33397元/m²,2室2厅,89m²,中层(共22层),
世茂江滨花园瑞景湾3室2厅2卫，绿城物业，小区环境优美。,350,25828元/m²,3室2厅,135m²,高层(共31层),近地铁配套成熟品质小区
不用名额 萧山城厢 6米复式 方正实用 自住舒适 随时可看,36.9,7683元/m²,2室2厅,48m²,中层(共20层),南北通透送车位近地铁
龙湖滟澜山品质房 客厅带阳台 中间楼层 南北通透,320,36563元/m²,3室2厅,87m²,中层(共21层),近地铁素质住户安全性高
财通中心 物业好 近地铁 交通便利 采光充足 南北通透,240,22222元/m²,2室1厅,108m²,高层(共27层),近地铁繁华地段品质小区
急售江景一期丨豪装修只此一套丨房东变现丨拎包入住,158,27483元/m²,2室1厅,57m²,低层(共22层),近地铁繁华地段品质小区
业主急售 经典跃层 自住设计装修独特  周边配套成熟,80,18605元/m²,2室1厅,43m²,低层(共23层),
专做文海 宝龙云滨湾 大两房 235万业主诚心出售 急卖急卖,265,29795元/m²,2室2厅,88m²,中层(共33层),素质住户品质小区
铭和苑 2房2厅1卫，纯毛坯，采光好，房东诚心出售,180,20576元/m²,2室2厅,87m²,低层(共11层),近地铁交通便利安全性高
四季风景苑新出两房！带大露台带车位！30万装修！风格温馨清爽,250,28017元/m²,2室2厅,89m²,低层(共21层),近地铁近学校南北通透
中豪七格  经典跃层公寓 品质小区  居民素质高 房东诚售,76,17633元/m²,2室1厅,43m²,低层(共23层),近地铁繁华地段品质小区
泰美国际大厦 超大广角飘窗 西南边套  两房 绿城物业,156,17272元/m²,1室2厅,90m²,中层(共22层),
梦琴湾 地铁口刚需大两房 楼层好采光棒 房东诚心出售 随时看,240,24896元/m²,2室2厅,96m²,低层(共28层),近地铁主卧朝南客厅朝南
梦琴湾大三房 一线江景  南北通透 底价急 售,280,22483元/m²,3室2厅,124m²,中层(共34层),近地铁南北通透
"阳光华城 文海教育 文海一路之隔。精装刚需两房,诚心出售",200,38536元/m²,1室1厅,51m²,低层(共9层),南北通透
魔幻可变三房。。婚房精装修。家具家电全送。,180,26193元/m²,2室2厅,68m²,低层(共33层),田园风次新小区繁华地段
朝南边套 朝南边套 整个小区只有52套这种户型，有钥匙随时看,280,34645元/m²,2室2厅,80m²,中层(共25层),南北通透
世茂峻景湾房东自住房拎包入住看房随时真诚出售满两年,220,25037元/m²,2室2厅,87m²,低层(共33层),近地铁配套成熟环境优美
急售||御观邸||大跃层||全明户型南北通透||好房可秒||,320,36339元/m²,4室1厅,88m²,低层(共32层),近地铁南北通透配套成熟
急售！铭都雅苑 20W全新精装全送 直接入住 秒杀！！,180,30534元/m²,2室2厅,58m²,低层(共18层),近地铁配套成熟品质小区
梦琴湾佳苑  精装修拎包入住  采光无遮挡  低于市场价急售,230,24715元/m²,2室2厅,93m²,低层(共30层),近地铁南北通透
纯东边套 精装80万 全新装修 房东诚售送车位,270,30117元/m²,3室2厅,89m²,高层(共31层),全南户型配套成熟交通便利
泰美国际 精装修公寓 下沙西地铁旁 楼层好 视野开阔,91,20876元/m²,1室1厅,43m²,高层(共21层),
龙湖滟澜山 ，新上房源，精装修全送 视野好 双阳台,300,36864元/m²,2室2厅,81m²,中层(共23层),近地铁安全性高品质小区
"保利精装跃层大两房，低市场价15万,实用面积80方,急卖",80,17021元/m²,2室2厅,47m²,中层(共34层),交通便利安全性高
"保利东湾边套大三房,105方满5年,精装修，业主用钱诚心急卖",219,20883元/m²,3室2厅,104m²,低层(共34层),客厅朝南南北通透卫浴全明
东海柠檬郡 精装大三房 交通便利 临近银泰 拎包入住业主诚售,255,28568元/m²,3室2厅,89m²,低层(共32层),近地铁配套成熟交通便利
保利央企！豪华装修60万！！全送！全送！西边套 ！采光无遮挡,330,28566元/m²,3室2厅,115m²,低层(共34层),素质住户安全性高品质小区
"钱塘新区,龙湖滟澜山,两房精装全送,房东置换金沙湖地铁口",315,35302元/m²,2室2厅,89m²,低层(共23层),近地铁素质住户繁华地段
保利湾天地新出边套59方LOFT送一整层精装修边套南北通,110,18644元/m²,2室2厅,59m²,高层(共17层),南北通透拎包入住配套成熟
专做文海 景冉新出精装房源 边套南北通透 业主诚心出售,195,31858元/m²,2室2厅,61m²,中层(共32层),近地铁交通便利素质住户
世茂二期 绿城物业 房东急降50万诚心出售 带车位一个随时看,370,19773元/m²,4室2厅,187m²,中层(共30层),近地铁南北通透交通便利
义蓬宏景园175万边套5楼121方送阁楼5房,175,14410元/m²,5室2厅,121m²,共5层,三房朝南房型正交通便利
保利东湾61方精装修两房满五年无个税看中随时可签约,170,27924元/m²,2室2厅,60m²,低层(共29层),配套成熟环境优美交通便利
景冉佳园 文海教育 诚心急卖 可拎包入住 价格可商量 无,195,31160元/m²,2室2厅,62m²,高层(共26层),近地铁南北通透
义蓬购物中心 单身公寓 简装修,55,11957元/m²,1室1厅,46m²,中层(共15层),
世茂江滨花园 碧景湾 钱塘新区 一线江景 龙湖物业 置换之选,445,25703元/m²,4室2厅,173m²,高层(共33层),南北通透近地铁品质小区
到期可续丨包租4800丨外地人可买丨不限贷丨复式楼中楼丨无税,76,13103元/m²,1室2厅,58m²,中层(共8层),南北通透配套成熟交通便利
保利湾天地47方4.5米LOFT开发商统一精装租金可观,83,17660元/m²,2室2厅,47m²,中层(共17层),配套成熟环境优美交通便利
福雷德 3房2厅 精装 2房朝南 多面采光 双阳台 地铁 口,260,19394元/m²,3室2厅,134m²,中层(共30层),近地铁配套成熟品质小区
铭和苑 2房1厅 纯毛坯急卖 临近天街 配套成熟 看房方便,180,19978元/m²,2室1厅,90m²,低层(共11层),近地铁配套成熟品质小区
标题,价格,均价,房子大小,总面积,楼层,优点
铭和苑 2房1厅 纯毛坯急卖 临近天街 配套成熟 看房方便,180,19978元/m²,2室1厅,90m²,低层(共11层),近地铁配套成熟品质小区
大都文苑风情 1房1厅 精装 交通便利 可上文海 文泽站口,90,22716元/m²,1室1厅,39m²,高层(共24层),近地铁近学校配套成熟
多蓝水岸自住好房 新上架 精致装修 中间楼层 得房率高,340,23682元/m²,3室2厅,143m²,高层(共11层),近地铁配套成熟繁华地段
70年精装住宅，房东包税，赠送15平，价格可谈 外地人可买！,40,8889元/m²,3室2厅,45m²,高层(共7层),独立电梯近地铁繁华地段
送车位 7号线地铁口琅琴湾南北通透三房两卫200万,200,22262元/m²,3室2厅,89m²,高层(共24层),两房朝南一梯两户品质小区
（新）东郡之星 2室2厅1卫 全明户型 南北通透 诚心卖,160,23018元/m²,2室2厅,69m²,高层(共31层),
房东急售！可议价20万！赠10平米！全龄段学房！外地人可落户,122,14600元/m²,3室2厅,83m²,中层(共32层),南北通透送车位近地铁
急抛!低于市场价格，外地人可买，豪华装修送车位，70年产权。,75.5,8988元/m²,3室2厅,84m²,低层(共18层),配套成熟环境优美繁华地段
新荷坊，南北通透，房东龙湖的洋房买好了，所以诚心卖,186,21158元/m²,2室2厅,87m²,高层(共16层),南北通透
新上东岸嘉园 首付3成 月供还贷7500 精装小户型 急卖！,185,31250元/m²,2室1厅,59m²,中层(共17层),南北通透拎包入住
世茂广场 2室2厅一卫 送精装修20万！靠近地铁口，户型方正,130,12871元/m²,2室2厅,101m²,高层(共28层),全南户型靠近花园近地铁
(新)杭州碧桂园。171方大四房。有车位。改善户型。南北通透,345,20177元/m²,4室2厅,170m²,中层(共34层),安全性高繁华地段品质小区
此房低于市场价格 楼层视野好 南北通透全明户型 房东急卖,178,20516元/m²,3室1厅,86m²,高层(共16层),近地铁配套成熟素质住户
急售 下沙一号大街 高沙路地铁口500米 装修清爽 满五无税,62,10333元/m²,2室2厅,60m²,共4层,南北通透
急丨外地人可买(房东移民急抛）（简装修送产权车位）可落户上,53,8833元/m²,2室1厅,60m²,中层(共11层),近地铁近学校南北通透
（40W装修）满两年税费低 温暖不拥挤朝阳 关键还送车位！！,315,22749元/m²,4室2厅,138m²,高层(共33层),环境优美素质住户品质小区
（甩卖）外地人可买，可以落户上学，5万装修赠送，曾5平大阳台,43,12286元/m²,1室1厅,35m²,低层(共6层),送家电拎包入住配套成熟
房东急售急售，外地人可买，送家电车位大平观景阳台，欢迎来电。,79,12344元/m²,2室2厅,64m²,高层(共16层),送家电送车位品质小区
世茂江滨花园 一期 纯地铁口 精装修拎包入住！三阳台 超便宜,210,23734元/m²,3室2厅,88m²,中层(共33层),南北通透繁华地段品质小区
铭和苑 低总价大两房 配套成熟 交通便利 业主置换 诚售,189,22468元/m²,3室1厅,84m²,低层(共18层),配套成熟交通便利品质小区
低总价三房 南北通透 厨卫全明 纯毛坯房有车位,188,21154元/m²,3室2厅,88m²,中层(共32层),南北通透小户型
急急急急急 新特价房 平精装92万 有电梯拎包住急售 近期,72,8090元/m²,3室2厅,89m²,高层(共11层),拎包入住配套成熟品质小区
下沙西地铁口 品质小区 全明户型 刚需三房 景观房,285,31983元/m²,3室2厅,89m²,低层(共18层),近地铁繁华地段品质小区
地铁口 精装大两房 双阳台 低于市场价 看房有钥匙,176,20030元/m²,2室2厅,87m²,低层(共33层),近地铁大两房拎包入住
碧桂园刚需两房，中心位置，满五，价格可谈,185,22367元/m²,2室2厅,82m²,低层(共33层),主卧朝南小区中心品质小区
宋都晨光国际 婚房精装修大三房 交通便利 南北通透 车位,375,27523元/m²,3室2厅,136m²,高层(共42层),近地铁繁华地段品质小区
"保利江语海刚需户型,三房两卫舒适,纵览一线江景,舍我其谁！",275,31443元/m²,2室2厅,87m²,高层(共34层),近地铁一梯两户大平层
瑞景湾 刚需3房别错过！满二年 南北通 还是纯边套！近地鉄,198,22024元/m²,3室2厅,89m²,中层(共33层),近地铁南北通透素质住户
钱塘新区 多蓝水岸 学正校区 中等楼层 大三房 低总价,270,19993元/m²,3室2厅,135m²,高层(共6层),近地铁交通便利繁华地段
伊萨卡国际城 4室2厅2卫 138.18平,350,25329元/m²,4室2厅,138m²,高层(共34层),
珍惜联排住宅 房东公司搬迁 急需处理房子 装修200万全送,1070,46352元/m²,6室2厅,230m²,共3层,近地铁繁华地段品质小区
锦湖家园刚需两房 房东急售 纯边套 近地铁天街旁,140,24138元/m²,2室1厅,58m²,低层(共18层),近地铁繁华地段品质小区
龙湖133房大面积住宅 纯毛坯自由装修 采光带墨镜 诚心出售,500,39237元/m²,3室2厅,127m²,中层(共22层),南北通透
金沙阳光  自住精装修 标准两房 楼层   房东诚心价格可谈,205,23195元/m²,2室2厅,88m²,高层(共28层),近地铁南北通透
海天城 精装修两室一厅一卫 刚需小两房 可拎包入住,200,20894元/m²,2室2厅,95m²,高层(共25层),近地铁
钱塘新区 大江东 河庄大江之星地铁8号线南北通透,220,18803元/m²,3室2厅,117m²,低层(共23层),近地铁繁华地段品质小区
中国铁建保利像素 精装修一手现房中间楼层 随时看房 拎包入住,185,22736元/m²,3室2厅,81m²,中层(共33层),南北通透
中心唯一WAN美，那些系统不让我说的说给你听，随时看房！,78,15600元/m²,2室2厅,50m²,中层(共12层),配套成熟繁华地段品质小区
朗诗国际，高科技恒温 恒湿 恒氧系统，24热水高品质,240,27379元/m²,2室2厅,87m²,高层(共33层),近地铁配套成熟环境优美
9月21号挂牌！房东降价急售 近地铁 外地人无需社保,42,8936元/m²,2室2厅,47m²,中层(共18层),近地铁近学校南北通透
买房即可落户上学 送家具家电 精装修 交通便利 全天采光,70,10606元/m²,3室2厅,66m²,低层(共15层),次新小区交通便利素质住户
诚心出售，业主夫妻定居国外，70年产权住宅，精装花园洋房。,58,12889元/m²,2室2厅,45m²,中层(共12层),田园风近地铁
急售！铭和苑 双地铁口 天街印象城 高沙小吃一条街,200,23776元/m²,2室2厅,84m²,低层(共18层),近地铁配套成熟品质小区
保利城市果岭，大三房，双阳台双卫生间，户型正气，纯毛坯,228,26334元/m²,3室2厅,86m²,低层(共32层),南北通透
香榭里花园新上房源！可拎包入住！中间楼层！看房方便,300,25147元/m²,3室2厅,119m²,中层(共14层),近地铁近学校配套成熟
急丨外地人可买（房东移民急抛）（精装修送产权车位）可落户上学,51,8947元/m²,2室2厅,57m²,中层(共16层),南北通透近地铁配套成熟
世茂江滨花园 4室2厅2卫  房东自住精装修 看房提前联系,450,28250元/m²,4室2厅,159m²,低层(共31层),近地铁环境优美安全性高
晨光国际 小两房 总价低 地铁 高品质小区 精装可拎包入住,170,26621元/m²,2室2厅,63m²,低层(共33层),近地铁配套成熟环境优美
房东急售首付15万 赠13平 外地人可买 无需社保 送车位,48.8,9569元/m²,2室2厅,51m²,中层(共15层),近地铁交通便利繁华地段
龙湖滟澜山 地铁旁 精装跃层两房 毗邻天街 拎包入住 诚售,299,36615元/m²,2室2厅,81m²,低层(共24层),近地铁配套成熟品质小区
外地人可买！直降8万！包租3千！可上学！无需社保！送家电车位,36.3,8643元/m²,1室1厅,42m²,中层(共18层),近地铁配套成熟繁华地段
房东置换 可议价 精装修 不限购  拎包入住 近地铁 送车位,44,8800元/m²,1室2厅,50m²,中层(共18层),近地铁近学校送车位
杭州碧桂园。精装三房。纯边套户型。电梯口车位。房东置换出售,205,23010元/m²,3室2厅,89m²,高层(共33层),南北通透配套成熟
急售丨70年产权住宅丨精装修丨带车位丨外地人可买丨落户上学丨,88.8,10102元/m²,3室2厅,87m²,中层(共29层),南北通透近地铁交通便利
钱塘新区丨通地铁7号线丨首付12万丨价还可谈丨送家电,48.8,8873元/m²,2室2厅,55m²,中层(共15层),近地铁交通便利品质小区
万豪国际！首付20万！降价10万急卖！ 精装修交付！尾款以清,65,15476元/m²,1室1厅,42m²,高层(共30层),南北通透环境优美
泰美国际大厦 朝南跃层 精装厅室分明 金沙湖绿城物业,83,17496元/m²,1室1厅,47m²,低层(共22层),安全性高繁华地段品质小区
小户型拎包即住送车位，坐落于下沙大学城，月租5千，以租养贷,71.5,10214元/m²,2室2厅,70m²,中层(共18层),一梯两户拎包入住近地铁
单价低，总价也低，送豪华装修拎包入住,198.6,23710元/m²,2室2厅,83m²,中层(共15层),南北通透环境优美
(安选在售) 房东急卖刚挂牌！看房有钥匙！精装修送家具家电,50,11628元/m²,2室2厅,43m²,中层(共33层),近地铁配套成熟繁华地段
标题,价格,均价,房子大小,总面积,楼层,优点
单价低，总价也低，送豪华装修拎包入住,198.6,23710元/m²,2室2厅,83m²,中层(共15层),南北通透环境优美
(安选在售) 房东急卖刚挂牌！看房有钥匙！精装修送家具家电,50,11628元/m²,2室2厅,43m²,中层(共33层),近地铁配套成熟繁华地段
保利城市果岭 大4房 双阳台双卫生间户型正气楼层好 江景房,430,23188元/m²,4室2厅,185m²,高层(共33层),南北通透
70年产权精装住宅！外地人口购无需社保!产证清晰无纠纷！,59.8,14950元/m²,2室2厅,40m²,中层(共9层),近地铁繁华地段品质小区
小户型2房稳租四千，带租约出售，拎包入住不外地人，买近地铁口,85,12687元/m²,2室2厅,67m²,高层(共8层),送家电拎包入住品质小区
70年产权大江东外地人可买，可落户上学，配套完善，南北通透,56.5,8561元/m²,3室2厅,66m²,中层(共12层),采光好配套成熟安全性高
业主置换出售，全新精装，全南户型，采光好，居家的不错选择,209,20790元/m²,2室2厅,100m²,中层(共14层),近地铁
城市果岭 精装修四房东边套 客厅带大阳台 朝南两个阳台有车位,328,26104元/m²,4室2厅,125m²,低层(共32层),南北通透配套成熟交通便利
国庆钜惠提前享！赠送20平首付十万 外地人可买！租金四千起！,65,13265元/m²,2室2厅,49m²,中层(共18层),拎包入住配套成熟繁华地段
（新）东郡之星全新小区 房东 从未住过  刚需3房,210,23404元/m²,3室2厅,89m²,高层(共31层),南北通透小户型
急|无需S保可上学|送家电家具|产证齐全送车位|无税拎包入住,69,7822元/m²,3室2厅,88m²,高层(共13层),南北通透一梯两户交通便利
阳光华城 精装修 拎包入住 小两房 文海上学 靠近文海南路站,200,34299元/m²,2室1厅,58m²,中层(共9层),近地铁拎包入住配套成熟
首付11万 赠送20平 无需社保 不限购  精装带车位 包税,55,10891元/m²,3室2厅,50m²,高层(共15层),三房朝南近地铁配套成熟
9月21号挂牌！首付18万！免稅！地铁！LOFT！,104,18246元/m²,2室2厅,57m²,中层(共16层),新房房源南北通透送车位
投姿手选！夫妻分割财产急需脱手低于市场价3成.精装两房送家电,52.9,11360元/m²,2室2厅,46m²,中层(共22层),两房朝南双阳台带飘窗
（送车位）70年产权！送18万精装修！外地可落户上学！急售,62,7848元/m²,3室2厅,79m²,低层(共12层),送车位繁华地段品质小区
（包税）精装三房，首付20万即可签约！外地可落户上学！速来电,138,17156元/m²,3室2厅,80m²,低层(共16层),近地铁繁华地段品质小区
急售急售，外地人可买房东包税，婚房装修风格，送大平观景阳台。,60,7407元/m²,3室2厅,81m²,中层(共17层),送车位品质小区
景冉佳园 精装修空置 文海 楼层适中 看房随时方便,190,31122元/m²,2室2厅,61m²,中层(共31层),近地铁拎包入住
外地人可落户上学！首付8万起！地铁口 学區房！送10万精装修,35,10000元/m²,2室2厅,35m²,低层(共12层),近地铁繁华地段品质小区
钱塘新区 世茂江滨花园瑞景湾，西临地铁江滨站，西有学校,310,22970元/m²,4室2厅,134m²,高层(共33层),近地铁两房朝南交通便利
（房东破产急售 全款36万) 70年产权| 可过户 |可上学,50.2,12550元/m²,2室1厅,40m²,中层(共17层),配套成熟交通便利繁华地段
钱塘新区金沙湖板块，首付15万，70年住宅 买房即可落户,62,15500元/m²,2室2厅,40m²,中层(共15层),近地铁配套成熟繁华地段
多蓝水岸 精装修三房 房东自住 精致装修 拎包入住,282,24789元/m²,3室2厅,113m²,高层(共6层),近地铁
和达御观邸 精装全新三房 赠50方 3个大阳台 有钥匙可看,388,43684元/m²,3室2厅,88m²,低层(共32层),近地铁南北通透
首付仅需10万！外地人不限购，无需社保，房东说来电立减5万！,54,15429元/m²,2室2厅,35m²,高层(共19层),送车位近地铁配套成熟
首付8万 复式公寓 可抵贷可落户上学 精装过户买.一层送一层,51,13421元/m²,1室1厅,38m²,中层(共19层),
"东郡之星 ,全新精装修，双阳台，诚心售，客厅带阳台南北通透！",210,23430元/m²,3室2厅,89m²,中层(共32层),配套成熟交通便利繁华地段
金沙学府 210方顶跃 满2年 文海近小区,400,19167元/m²,5室3厅,208m²,高层(共6层),近地铁南北通透
外地人可买，首付13万 精装2房，带车位，房东急卖 急急急！,37,8409元/m²,2室2厅,44m²,高层(共17层),近地铁繁华地段品质小区
安居客优选，业主底价急售，首付10万即可，全款更好，送车位,48,9231元/m²,2室2厅,52m²,中层(共16层),近地铁近学校
70年产权 外地人可买可落户 豪装两房送车位 来电立减5万！,56,9655元/m²,2室2厅,58m²,中层(共14层),
保利像素精装修  纯边套 南北通透  采光好 好房急售,200,22432元/m²,3室2厅,89m²,低层(共33层),两房朝南南北通透品质小区
江语海 文海學區 一线江景  房东急售 价格实惠  欲购从速,295,35572元/m²,3室2厅,82m²,高层(共32层),近地铁安全性高繁华地段
急丨外地人可买(房东移民急抛）（精装修送产权车位）可落户上学,83,9244元/m²,3室2厅,89m²,中层(共22层),南北通透配套成熟品质小区
换房急售房源|家具家电全送|还带一个产权车库|钥匙在手随时看,63,13125元/m²,2室2厅,48m²,中层(共22层),南北通透房型正环境优美
无需社保，精装两房，房东急售，无税房源，拎包入住，包租4千,50,17857元/m²,2室2厅,28m²,中层(共17层),复式房配套成熟品质小区
无需社保，70年产权住宅，对口学校，可落户上学，精装送车位！,50,11041元/m²,3室2厅,45m²,高层(共15层),南北通透近地铁繁华地段
杭州碧桂园纯毛坯2室 房东贼诚心卖 看房的打我电话 钥匙在手,189,23046元/m²,2室2厅,82m²,低层(共33层),素质住户繁华地段品质小区
保利湾天地 精装跃层 层高4.79米 房东诚心出售 拎包入住,85,14407元/m²,2室2厅,59m²,高层(共17层),近地铁配套成熟环境优美
近地铁，低总价，无需社保，70年产权可落户上学，送车位家电,50,10000元/m²,2室2厅,50m²,中层(共20层),近地铁配套成熟环境优美
价格可谈，精装修，家电齐全，独立产证，不限购，无税费，送车位,40,10811元/m²,2室2厅,37m²,中层(共15层),近地铁南北通透配套成熟
柠檬郡家园丨有性价比价格漂亮丨全明户型丨银泰旁边丨东南亚风情,250,25662元/m²,2室2厅,97m²,中层(共32层),近地铁配套成熟交通便利
精装修自住大两房！三个阳台！采光好！柠檬郡新出！急售总价低！,306,27570元/m²,2室2厅,110m²,低层(共29层),近地铁南北通透繁华地段
金沙家园 新出小两房 清爽装修拎包入住 户型方正,159,27050元/m²,2室1厅,58m²,低层(共18层),中国风繁华地段品质小区
精装不限购 拎包入住 得房率超高 距离小学3份钟即可到达,66,14043元/m²,2室1厅,47m²,低层(共18层),配套成熟交通便利品质小区
地铁口500米！无税！可落户！通燃气！精装带阳台！挑高5.8,42,15556元/m²,1室2厅,27m²,高层(共16层),近地铁配套成熟繁华地段
（世茂广场）外地人可买，两成首付，可落户，可上学，精装送车位,48.3,12005元/m²,2室2厅,40m²,高层(共15层),南北通透近地铁繁华地段
百翘香江 精致清爽 户型方正 全明采光 适合有品位的人,300,23403元/m²,3室2厅,128m²,低层(共34层),安全性高繁华地段品质小区
70年产权住宅  地铁口100米 精装修送车位 家电齐全 急,72,13091元/m²,2室2厅,55m²,高层(共16层),南北通透送车位环境优美
金沙湖地铁口，外地人可买，包落户上學，首付15万，拎包入住！,32,10667元/m²,2室2厅,30m²,中层(共16层),近地铁配套成熟繁华地段
"观澜时代精装30万三房,满5年,自住,送家具家电,一线江景！",220,25149元/m²,3室2厅,87m²,低层(共29层),南北通透配套成熟环境优美
和达御观邸  龙湖天街  金沙地铁口  50W精装修 全送！,500,38194元/m²,4室2厅,130m²,低层(共32层),近地铁配套成熟品质小区
龙湖精装2房2卫 满两年 家电全送 看房随时  房东自己住,300,33550元/m²,2室2厅,89m²,中层(共24层),南北通透
宋都东郡中间楼层东边套 精装80万 全新装修 房东诚售送车位,215,23982元/m²,3室2厅,89m²,高层(共31层),次新小区交通便利素质住户
经典大跃层送面积多可以自己风格装修，目前低于市场价70万在卖,368,24158元/m²,5室1厅,152m²,高层(共45层),近地铁跃层式品质小区
（店长力荐）买房教科书！为您置业安家保驾护航！飞机户型全阳台,398,20737元/m²,4室2厅,191m²,中层(共32层),素质住户安全性高品质小区
城市果岭 少有的精装修两房 只住了半年 楼层好 江景视野好,205,25989元/m²,2室2厅,78m²,高层(共34层),南北通透交通便利品质小区
宋都丽郡 132方 包车位 只要285万,285,21591元/m²,4室2厅,132m²,低层(共18层),两房朝南一梯两户品质小区
（特惠诚售）内部员工房，首付18w，随时看房，校区房，地铁口,48,11429元/m²,2室2厅,42m²,高层(共17层),近地铁配套成熟低密度
标题,价格,均价,房子大小,总面积,楼层,优点
9月21日，丽泽苑，无社保可买，读书上学，赠精装，送车位,16,15842元/m²,2室2厅,10m²,共1层,南北通透拎包入住环境优美
梦琴湾佳苑  精装修拎包入住  采光无遮挡  低于市场价置换,228,24500元/m²,2室2厅,93m²,低层(共30层),近地铁配套成熟交通便利
宝龙云滨湾！送全新精装三房！边上配套商业城！大学城！文海教育,252,28166元/m²,3室2厅,89m²,中层(共34层),主卧朝南客厅朝南两房朝南
非诚勿扰，房东包税，地铁口，独立落户70年产权，精装修送车位,34.8,9943元/m²,2室2厅,35m²,中层(共21层),近地铁配套成熟品质小区
晨光国际 纯毛坯出售 楼层好采光好 近地铁出行方便 配套齐全,400,24282元/m²,4室2厅,164m²,中层(共45层),近地铁安全性高繁华地段
实地拍照  无税精装修 送车位|外地人可买送家具家电,98,10889元/m²,3室2厅,90m²,低层(共27层),配套成熟交通便利品质小区
房东急售 首付20万价格可谈 70年产权 产证清晰外地人可买,78.8,9685元/m²,3室2厅,81m²,中层(共17层),南北通透独立电梯近地铁
高沙地铁口200米 精装两房小户型 首付55万 月供7仟！！,185,31809元/m²,2室1厅,58m²,中层(共25层),近地铁小户型拎包入住
景冉佳园 满五独一 税少 精装带中央空调 比较急卖 方便面谈,193,31582元/m²,2室2厅,61m²,高层(共32层),近地铁配套成熟品质小区
急售，精装修70年产权住宅，无需社保，外地人可购，附送车位！,75,9898元/m²,2室2厅,75m²,高层(共15层),送车位近地铁配套成熟
德信早城新出自住精装两房，南北通透采光好，位置佳 ，诚心出售,249,34369元/m²,2室2厅,72m²,低层(共18层),近地铁近学校南北通透
景冉佳园 属于文海上学 精装修拎包入住 储物空间做得蛮好的！,205,32355元/m²,2室2厅,63m²,中层(共32层),近地铁客厅朝南拎包入住
挑高5.6高跃层 大户型精装 租金3500 地铁口 产证清晰,60,11538元/m²,2室2厅,52m²,中层(共15层),送车位配套成熟品质小区
无税|精装修|品质小区|配套成熟|近地铁|可落户上学|送车位,90,9921元/m²,2室2厅,90m²,中层(共12层),配套成熟交通便利品质小区
世茂瑞景湾 精装修大两房 可观江景 高楼层采光视野无遮挡！,230,26142元/m²,2室2厅,87m²,高层(共33层),近地铁景观房拎包入住
世茂江滨花园 全明户型 精装修 业主诚售 看房预约,280,22423元/m²,3室2厅,124m²,中层(共33层),近地铁南北通透配套成熟
晨光国际 精装跃层 三房两卫 靠近地铁江滨站 空置有钥匙看房,320,37162元/m²,3室2厅,86m²,中层(共34层),近地铁跃层式拎包入住
朗诗国际精装修，客厅带阳台，恒温恒湿恒氧！5年房产经验！,255,28810元/m²,2室2厅,88m²,中层(共32层),近地铁送车位拎包入住
世茂江滨花园 边套小三房 双地铁口 南北通透 随时来电看房,242,26952元/m²,2室2厅,89m²,高层(共34层),近地铁
投姿必选 房东着急用钱 挂牌三天 独立产证 可落户上学 无税,65,12745元/m²,2室2厅,51m²,中层(共13层),南北通透交通便利素质住户
9月21日，业主因置换新房，故诚心出售此房，春意江南，售！！,85,11633元/m²,2室2厅,73m²,中层(共15层),南北通透配套成熟环境优美
中豪七格 精装跃层公寓 没有住过人 做了三房，室内很清爽,78,17727元/m²,3室1厅,44m²,中层(共23层),素质住户繁华地段品质小区
梦琴湾 地铁口刚需江景房房 楼层好江景房房东诚心出售 随时看,270,21680元/m²,3室2厅,124m²,中层(共33层),近地铁交通便利繁华地段
下沙银泰旁，东海柠檬郡，刚需两房精装修，全明户型 户型方正,232,28320元/m²,2室2厅,81m²,高层(共30层),近地铁主卧朝南客厅朝南
无需社保 三百米地铁口 首付15万 可落户 有教育配套,70,9333元/m²,3室2厅,75m²,低层(共14层),近地铁近学校配套成熟
房东售 70年产权住房 无需社保可买 近地铁 送车位 精装修,47.5,11047元/m²,3室2厅,43m²,高层(共17层),近地铁配套成熟品质小区
业主置换出售，全新精装，全南户型，采光好，居家的不错选择,205,20392元/m²,2室2厅,100m²,中层(共14层),近地铁配套成熟繁华地段
福雷德广场！小户型！经典小两房！周边配套齐全,190,25697元/m²,2室2厅,73m²,低层(共20层),近地铁配套成熟环境优美
杭州碧桂园 房东诚售 可看房 精装三房 头 资手选 有车位,191,23290元/m²,3室2厅,82m²,低层(共17层),近地铁配套成熟次新小区
龙湖滟澜山丽轩 纯毛坯 大阳台 景观视角宽广 诚心卖有钥匙！,221,27157元/m²,2室2厅,81m²,中层(共23层),
中豪七格 拎包入住的精装跃层 智能电器 现代化触摸开关,90,17647元/m²,2室2厅,51m²,中层(共23层),近地铁繁华地段品质小区
泰美国际 朝南直视金沙湖  楼层高 采光好  精装修  诚售,100,21079元/m²,1室1厅,47m²,中层(共22层),配套成熟繁华地段品质小区
龙湖滟澜山 4房2卫大户型花园洋房三开间朝南 采光充足,680,38256元/m²,4室2厅,177m²,中层(共7层),近地铁繁华地段品质小区
业主亲证丨公司危机，挽大厦与将倾丨产证齐全比市场价低30万。,77.3,11040元/m²,3室2厅,70m²,中层(共16层),南北通透近地铁交通便利
房东生意失败，挥泪卖房周转，首付10万可公积金，精装修近商业,75.6,11248元/m²,2室2厅,67m²,中层(共11层),配套成熟繁华地段品质小区
下沙邵逸夫旁 湖景居 精装大两房 窗外就是金沙湖公园 景观房,275,32517元/m²,2室2厅,84m²,高层(共18层),配套成熟繁华地段品质小区
百盛苑 朝南两房 户型方正 全明户型 中高楼层 看房方便,162,28566元/m²,2室1厅,56m²,高层(共15层),近地铁配套成熟交通便利
保利央企品质 201方精装大四房 业主自住 保养好 诚心出售,460,22838元/m²,4室2厅,201m²,中层(共31层),近地铁配套成熟素质住户
东郡经典户型 简单装修，好楼层，视线好！,222,24992元/m²,3室2厅,88m²,高层(共34层),
杭州碧桂园，精装三房，南北通透，好楼层，拎包入住，五星物业,205,23117元/m²,3室2厅,88m²,高层(共35层),南北通透
出售 阳光名城2期150万 3室2厅1卫 楼层好,150,16771元/m²,2室2厅,89m²,低层(共11层),配套成熟繁华地段品质小区
急~售！精装四房171方470万  跃层住宅  一线江景房！,470,27428元/m²,4室2厅,171m²,高层(共32层),近地铁南北通透
东湾好房急售！抄底价，两梯两户！房东人在杭州 方便面谈！,285,21237元/m²,4室2厅,134m²,低层(共33层),南北通透景观房品质小区
龙湖滟澜山 顶跃大四房带阁楼 纯毛坯带大阳台 房东诚心出售,580,35067元/m²,4室2厅,165m²,高层(共7层),南北通透
龙湖物业  天街附近  精装修  刚需必备,360,41623元/m²,3室2厅,86m²,低层(共26层),近地铁小户型拎包入住
精装修大两房，通透性很好,205,23101元/m²,2室2厅,88m²,低层(共18层),
龙湖新出大两房 双阳台全明朝南户型视野广阔 房东急买看房方便,260,29138元/m²,2室2厅,89m²,中层(共22层),近地铁配套成熟素质住户
金沙阳光少有大面积 景观房 全明户型 花园洋房 随时看房,400,22678元/m²,4室2厅,176m²,高层(共17层),近地铁繁华地段品质小区
梦琴湾急售大三房，精装自住，配套成熟，江景地铁样样俱全,302,24018元/m²,3室2厅,125m²,中层(共29层),近地铁配套成熟品质小区
纯东边套！精装修50万！房东置换！一线江景 南北通透,365,26360元/m²,4室2厅,138m²,高层(共33层),南北通透
钱塘新区 东郡国际 小三居 刚需神房 环境好  商场齐全,218.7,24395元/m²,3室2厅,89m²,高层(共32层),南北通透次新小区繁华地段
房东精装自住 朝南 环境好 户型正 楼下自带广场,90,17703元/m²,2室2厅,50m²,低层(共22层),配套成熟繁华地段品质小区
云滨湾 跃层大四房 精装修 拎包入住 属于文海上学 靠近地铁,500,30699元/m²,4室2厅,162m²,高层(共19层),跃层式拎包入住近地铁
五证齐全 精装复式 送12平 双地铁线 送大车位 精装可包租,47,11463元/m²,2室2厅,41m²,低层(共12层),近地铁交通便利素质住户
经典跃层 精装修 可拎包入住 楼层好 采光佳 诚心出售,75,17442元/m²,2室2厅,43m²,高层(共23层),配套成熟繁华地段品质小区
中豪七格  精装修跃层公寓 两室一厅一卫 业主置换诚心出售,70,16819元/m²,3室1厅,41m²,中层(共23层),配套成熟繁华地段品质小区
锦湖家园 南北通透 双阳台 装修清爽 刚需两房 龙湖天街旁,192,32107元/m²,2室1厅,59m²,中层(共16层),近地铁环境优美交通便利
北银公寓 三房两厅两卫 有钥匙 随时可以看房,320,23975元/m²,3室2厅,133m²,高层(共7层),近地铁
铭都雅苑 1号线双地铁口 精装2房 中高楼层 低总价 诚心卖,179,30777元/m²,2室2厅,58m²,中层(共25层),近地铁配套成熟交通便利
保利湾天地 精装LOFT 全明户型 出行方便 江景房,67,14255元/m²,2室2厅,47m²,低层(共34层),
标题,价格,均价,房子大小,总面积,楼层,优点
铭都雅苑 1号线双地铁口 精装2房 中高楼层 低总价 诚心卖,179,30777元/m²,2室2厅,58m²,中层(共25层),近地铁配套成熟交通便利
保利湾天地 精装LOFT 全明户型 出行方便 江景房,67,14255元/m²,2室2厅,47m²,低层(共34层),
海天城 大两房 客厅主卧带阳台 大开间 全明户型 诚售,240,23836元/m²,2室2厅,100m²,低层(共28层),近地铁南北通透
钱塘新区核心地段，2房全新毛坯,146,16945元/m²,2室2厅,86m²,低层(共8层),
温馨跃层，房东精装自住。亏本甩卖。,295,36125元/m²,2室2厅,81m²,高层(共24层),拎包入住
专做文海！仅一套！性价比！江语海 ！精装自住！一线江景！,305,38515元/m²,3室2厅,79m²,中层(共33层),近地铁环境优美品质小区
伊萨卡清爽大三房，房东自住保养如新，小区位置，满两年诚售,290,22802元/m²,3室2厅,127m²,低层(共34层),近地铁拎包入住
紧邻地铁口 精装修现房 送家具家电 产证清晰 拎包入住赠车位,88,10541元/m²,3室2厅,83m²,中层(共14层),送车位近地铁配套成熟
高层精装满五年 梦幻人家温馨室 南北通透,40,9091元/m²,2室2厅,44m²,中层(共9层),近地铁繁华地段品质小区
观澜时代云邸，四房精装太跃层，房东诚心出售卖，低市场价20万,400,21395元/m²,4室2厅,186m²,高层(共33层),南北通透环境优美繁华地段
急丨外地人可买(房东移民急抛）（简装修送产权车位）可落户上,46,10222元/m²,2室2厅,45m²,低层(共36层),南北通透房型正近地铁
幸福雅苑！新出两室一厅一卫！精装修！1号线下沙西站！急售价低,160,27416元/m²,2室1厅,58m²,中层(共17层),近地铁南北通透繁华地段
急售，赠10平，独立产证，精装loft，近地铁送车位，免 税,35,10000元/m²,2室2厅,35m²,中层(共22层),近地铁近学校配套成熟
东郡之星，小三房的福音，新交付二手更比一手新，下沙户型,199,22284元/m²,3室2厅,89m²,低层(共34层),双阳台
出售 宝龙城市广场小俩房 ，楼层 采光好 ，首付仅需22万。,43.3,14594元/m²,2室2厅,29m²,低层(共22层),配套成熟交通便利繁华地段
保利东湾 稀有户型 一线江景 房东诚心出售 报价真实随时可看,345,26748元/m²,4室2厅,128m²,高层(共31层),安全性高繁华地段品质小区
龙湖滟澜山 精装修两房 拎包入住看房方便 房东 诚心出售,175,29357元/m²,2室1厅,59m²,高层(共22层),近地铁繁华地段品质小区
宋都东郡边套三房两卫，精装35万可拎包入住，满两年 房东诚售,189,21570元/m²,3室2厅,87m²,中层(共33层),南北通透
"晨光国际新出大4房,楼层好采光,南北通透,出门就是江滨站",397,21289元/m²,4室2厅,186m²,高层(共42层),近地铁
首付10万！落户杭州 挑高5.8米 产权清晰可过户 月租四千,24.6,7455元/m²,2室2厅,33m²,中层(共27层),房型正近地铁繁华地段
柠檬郡新出三房！精装修俩阳台！中间楼层！通透采光好！急售价低,262,29422元/m²,3室2厅,89m²,中层(共26层),近地铁南北通透繁华地段
金隅空港！精装交付公寓 次新房，房东亏本出售 税费少！可看房,63,12353元/m²,1室1厅,51m²,低层(共21层),景观房次新小区品质小区
世茂广场纯边套户型采光优楼层好，关键是房东特诚心价格可谈速来,95,13971元/m²,1室2厅,68m²,高层(共28层),
龙湖滟澜山丽轩 毛坯LOFT四房 南北通透诚心出售 随时看房,528,30632元/m²,4室2厅,172m²,高层(共13层),近地铁繁华地段品质小区
观澜时代 精装三房 跃层空间大 一线江景 看房方便 拎包入住,210,23769元/m²,3室2厅,88m²,低层(共42层),景观房拎包入住配套成熟
非诚勿扰，急用钱，包税，地铁口 无需社保，三证齐全，精装修!,72,8182元/m²,3室2厅,88m²,中层(共11层),配套成熟交通便利品质小区
豪华装修200万！看房有密码！楼层中上视野优美如画！品质之选,510,19637元/m²,5室2厅,259m²,中层(共33层),近地铁南北通透繁华地段
豪华大五房！全明户型！纯东边套！一线江景！价格可谈！,470,18135元/m²,5室2厅,259m²,低层(共33层),近地铁一梯两户近入口
万泰华庭 129平复式可做四房 满两年 急售急售,172,13290元/m²,3室2厅,129m²,高层(共6层),
宋都晨光国际 纯边套 大四房 纯毛坯,450,24130元/m²,4室2厅,186m²,高层(共42层),近地铁主卧朝南三房朝南
世茂江滨花园大5房，复试一线江景房，南北通透，户型方正近地铁,535,20930元/m²,5室2厅,255m²,中层(共25层),近地铁配套成熟交通便利
梦琴湾三房 户型好 价格可谈房东诚心卖的 同户型有房子在卖的,250,18971元/m²,3室2厅,131m²,高层(共30层),近地铁主卧朝南一梯两户
房东降价处理（外地人可买丨豪华装修送产权车位）首付三成丨可谈,62,7561元/m²,3室2厅,82m²,中层(共16层),南北通透环境优美品质小区
伊萨卡排屋 总价468万！17号刚出急卖的房子！超便宜！,520,26000元/m²,5室2厅,200m²,共1层,南北通透繁华地段品质小区
抛售!齐全送车位!精装带家具家电 !低于市场30万!无税,128,18826元/m²,2室1厅,67m²,低层(共19层),交通便利繁华地段品质小区
急抛 首付8万精装修，家电齐全，通燃气民水电带阳台可落户上学,50,8621元/m²,2室1厅,58m²,中层(共15层),南北通透配套成熟环境优美
"世茂江滨地铁口 四房四阳台,东边套,低于市场价20W,江景房",260,19324元/m²,3室2厅,134m²,高层(共33层),近地铁南北通透
急售！精装loft挑高5米！复式公寓！通燃气！民用水电！,70,14894元/m²,2室2厅,47m²,中层(共17层),近地铁配套成熟安全性高
首付三层 外地人可买 精装修无税 产齐全 南北通透 可落户,81,9878元/m²,3室2厅,82m²,中层(共15层),南北通透近地铁配套成熟
无社保可买，首付12万，可落户上学，低于市场价十万，价格可谈,76,10842元/m²,3室2厅,70m²,中层(共16层),近地铁南北通透品质小区
中沙金精装修装修3房，万达即将开业，配套好，满二年，看房方便,68.2,10656元/m²,2室2厅,64m²,低层(共18层),近地铁配套成熟品质小区
柠檬郡 135方 东边套 欧式精装50万品牌家电全看房方便,410,30346元/m²,4室2厅,135m²,中层(共29层),近地铁南北通透拎包入住
柠檬郡！精装修大两房！带阳台边套！中间楼层！急售总价低！,280,28742元/m²,2室2厅,97m²,中层(共32层),近地铁南北通透繁华地段
世茂江滨花园！204方跃层！50平面积！80万豪装！,442,21361元/m²,5室2厅,206m²,中层(共33层),近地铁安全性高繁华地段
一口价640000，月租金5千，包租十年，赠送精装修，价可谈,64,13617元/m²,2室2厅,47m²,中层(共16层),南北通透近地铁品质小区
急售！首付仅需三层，外地人可买拎包入住来电立减5万速来,54,10385元/m²,2室2厅,52m²,中层(共17层),
"新上东郡之星,精装25万婚房自住,全明户型带车位,降8万",175,25216元/m²,2室2厅,69m²,低层(共31层),南北通透
急置换7天必出！送精装小三房，双阳台户型，产权在手，看房方便,138.3,19650元/m²,3室2厅,70m²,中层(共11层),近地铁配套成熟交通便利
钱塘新区（房东急售！）地铁口精装2房，包租3500，以租养贷,66,12453元/m²,2室2厅,53m²,高层(共12层),南北通透近地铁繁华地段
世茂二期 ！地铁口 ！精装修 ！看房方便 ！一线江景房 ！,220,25387元/m²,2室2厅,86m²,低层(共33层),近地铁配套成熟繁华地段
急售！外地人可买，首付15万，精装无税，临近地铁口，五证齐全,42,9333元/m²,2室2厅,45m²,中层(共18层),近地铁配套成熟品质小区
泰美边套 下沙西口 边套户型 全面湖景房 楼层好，采光佳,160,17715元/m²,1室1厅,90m²,中层(共22层),配套成熟交通便利品质小区
元芳！你怎么看大人，你等我一下，我回家取银子去交定金..,48.8,10383元/m²,2室2厅,47m²,中层(共17层),近地铁近学校南北通透
"保利湾天地,47方跃层精装两房,业主置换,低市场价10万诚售",78,16596元/m²,2室2厅,47m²,低层(共32层),配套成熟安全性高繁华地段
头条!房东降价20万！ 观澜朗轩 南北通透 三房精装自住,225,25352元/m²,3室2厅,88m²,低层(共33层),主卧朝南配套成熟品质小区
世茂江滨花园峻景湾 价格实惠 拎包入住 两房双阳台 随时看,195,22192元/m²,2室2厅,87m²,低层(共33层),近地铁房型正拎包入住
爆炸福利！首付10万！外地可买可落户！无税精装住宅近地铁,56,11915元/m²,2室2厅,47m²,低层(共18层),主卧朝南交通便利品质小区
金沙湖畔 总价低 房东底价两房 价格可谈 位置佳,246,27986元/m²,2室2厅,87m²,中层(共32层),近地铁南北通透
拎包入住 南北通透 品质小区 繁华地段 免帨豪华装修送权属车,70,7936元/m²,3室2厅,88m²,中层(共15层),南北通透配套成熟品质小区
急！莱电优惠（首付10万！精装带车位！外地人可买）可落户上学,57.5,19015元/m²,2室2厅,30m²,中层(共16层),近地铁近学校景观房
标题,价格,均价,房子大小,总面积,楼层,优点
一排江景，精装60万大四房，低市场价格20万急卖，有车位,360,26675元/m²,4室2厅,134m²,中层(共32层),近地铁房型正拎包入住
地铁口对口学區房 可落户  精装三房 70年产权 刚需*,59,9365元/m²,3室2厅,63m²,中层(共12层),近地铁配套成熟繁华地段
本周秒杀!保利玫瑰湾！精装修三房 ，一线江景 看中可秒！,210,24060元/m²,3室2厅,87m²,中层(共18层),欧式风繁华地段品质小区
"宋都东郡国际 新上好房,精装修大三房。双阳台户型。拎包入住。",228,25601元/m²,3室2厅,89m²,低层(共33层),拎包入住
"首付65万,保利精装大两房,实得89方户型,一线江景随看房",220,24859元/m²,2室2厅,88m²,低层(共33层),环境优美交通便利繁华地段
观澜时代郎轩 精装修30万 拎包入住，带入户长廊,220,24789元/m²,3室2厅,88m²,高层(共29层),近地铁配套成熟环境优美
新出观澜时代84方跃层 纯毛坯 一线江景 房东置换,195,21940元/m²,1室2厅,88m²,高层(共43层),交通便利素质住户安全性高
地铁口 房子温馨舒适 采光好 户型方正 商圈全齐,285,21829元/m²,3室2厅,130m²,中层(共29层),近地铁繁华地段品质小区
保利东湾东区 一线江景房源，精装修空置，周末看房方便,440,21845元/m²,4室2厅,201m²,低层(共33层),送家电拎包入住繁华地段
保利央企大品牌开发商 精装大三房 房东置换新房现诚心出售此房,200,22847元/m²,3室2厅,87m²,高层(共18层),配套成熟环境优美次新小区
地铁口品质次新楼盘 精装修两房 房东诚卖 看房有钥匙随时,172,26934元/m²,2室2厅,63m²,低层(共33层),近地铁南北通透
新出好房！龙湖滟澜园3房2厅2卫，精装修45万全送，带车位,435,32658元/m²,3室2厅,133m²,低层(共33层),近地铁安全性高繁华地段
"保利东湾央企品质,边套大两房 业主自住精装,诚心出售,满5年",188,21407元/m²,2室2厅,87m²,低层(共34层),南北通透
伊萨卡国际城 钱塘新区 龙湖物业 自住保养好 钱塘江景房,253,28293元/m²,2室2厅,89m²,高层(共33层),近地铁环境优美繁华地段
免 税房，有产证带租约，租可抵贷，精装LOFT，赠送20平,42,12000元/m²,2室2厅,35m²,中层(共17层),南北通透配套成熟品质小区
急售无税 外地人可买 落户上学 精装修两房带车位 配套齐全,97.4,12855元/m²,2室2厅,75m²,中层(共22层),南北通透环境优美
江语海 一线江景 三房两卫 文海上学 精装修 拎包入住！,330,38542元/m²,3室2厅,85m²,低层(共34层),近地铁主卧朝南拎包入住
世茂峻景湾 双阳台 一线江景房 房东着急卖 看房随时,190,21638元/m²,2室2厅,87m²,低层(共33层),近地铁采光好房型正
超大阳台，90万硬装修，房东急用钱，诚心出售，大四房可做五房,560,21581元/m²,4室3厅,259m²,低层(共30层),近地铁南北通透拎包入住
180全线江景！！全新装修，从未住过人！！中式与现代的结合！,450,20994元/m²,5室2厅,214m²,高层(共33层),近地铁繁华地段品质小区
保利东湾 三房两卫 纯毛坯 小区中央位置 独门独户 中间楼层,230,25192元/m²,3室2厅,91m²,中层(共33层),靠近花园带车库次新小区
文海 阳光华城小高层电梯房 精装修，全明西边套 不占学籍,200,34299元/m²,2室1厅,58m²,低层(共18层),近地铁南北通透
下沙居家好房来袭已经装修干净清爽买来即住！房东急卖！满五,42,10500元/m²,2室2厅,40m²,低层(共19层),配套成熟繁华地段品质小区
保利东湾 精装修 拎包入住 房东诚心出售 价格可谈,185,20622元/m²,2室2厅,89m²,低层(共34层),近地铁繁华地段品质小区
火爆。宋都东郡国际。边套带车位。100方地下室。带花园。急售,278.5,22114元/m²,2室2厅,125m²,低层(共19层),素质住户繁华地段品质小区
保利东湾192方独立电梯入户东边套一线江景满五年有钥匙,370,19341元/m²,4室2厅,191m²,高层(共31层),配套成熟环境优美素质住户
保利东湾东区93方三房两卫，满五年急用钱只要230万,225,23916元/m²,3室2厅,94m²,低层(共34层),南北通透
宋都晨光国际 纯东边套 大四房 楼层好 随时看房,500,28972元/m²,4室2厅,172m²,中层(共42层),近地铁繁华地段品质小区
伊萨卡大三房  精致装修 拎包入住 诚心出售  交通便利,287,20521元/m²,3室2厅,139m²,中层(共17层),近地铁配套成熟品质小区
轮到捡漏的老板了，总价低于市场价18W，外地可买，手慢无,69,16429元/m²,2室2厅,42m²,中层(共15层),近地铁配套成熟繁华地段
龙湖新出小户型，豪装，家具家电全送，楼层高视野开阔，诚心卖,188,31349元/m²,2室2厅,59m²,高层(共24层),
（金沙湖）东海柠檬郡 新出好房 精装修三房 客厅带双阳台！,230,25828元/m²,3室2厅,89m²,中层(共26层),近地铁小区中心田园风
龙湖 茗轩 户型 楼层高 视野好,350,39991元/m²,3室2厅,87m²,中层(共21层),近地铁南北通透安全性高
德信早城 精装两房 拎包入住 交通便利 配套成熟 业主诚售,288,39795元/m²,2室2厅,72m²,高层(共18层),近地铁近学校配套成熟
大品牌朗诗国际  精装修跃层两室 自住装修走心 期待有缘人,205,25256元/m²,2室1厅,81m²,高层(共33层),近地铁配套成熟繁华地段
朗诗国际 简单装修正气两房 房东置换诚售 高品质小区,243,27721元/m²,2室2厅,87m²,中层(共31层),近地铁配套成熟繁华地段
德信早城新出精装三房，西边套全明户型，诚心出售，看房有钥匙,365,29291元/m²,3室2厅,124m²,高层(共18层),近地铁近学校繁华地段
玫瑰湾 新上稀有双阳台 大二房 户型正气 视野佳 可拎包入住,220,27040元/m²,2室2厅,81m²,中层(共34层),欧式风房型正品质小区
69方大2房  豪华装修28万 业主置换 底价出售 随时看房,181,26339元/m²,2室2厅,68m²,低层(共33层),配套成熟交通便利繁华地段
天八新上豪装300万大平层！保养新 照片真实 快来找我看！,600,21492元/m²,5室3厅,279m²,低层(共42层),位置安静拎包入住品质小区
全新未入住 精装修 江景房 好楼层 诚心卖,68,12593元/m²,1室1厅,54m²,高层(共21层),景观房拎包入住视野好
新上铭和苑 刚需两房 首付三成 低于市场价10万 近地铁,199.5,22994元/m²,2室2厅,86m²,高层(共16层),大两房顶楼繁华地段
带200方大露台 精装修80万 一线江景 视野无敌 享受型,280,34551元/m²,3室2厅,81m²,高层(共34层),南北通透景观房赠露台
宋都大盘东郡国际 户型方正 采光很好 而且房东诚心出售出行方,380,27273元/m²,4室2厅,139m²,中层(共20层),近地铁配套成熟交通便利
柠檬郡原始三房，总价低，高楼层，轻松满足三代需求，有钥匙,260,29213元/m²,2室2厅,89m²,中层(共22层),近地铁
（真图实价）（一花一世界 |一房两主人）在 线寻找有缘人！,235,27966元/m²,3室2厅,84m²,高层(共18层),素质住户繁华地段品质小区
小区精装25万边套三房，送地暖，南北通透，免双税，换房急卖,230,28618元/m²,2室2厅,80m²,低层(共32层),近地铁跃层式赠露台
私人电梯 带车位 带保姆间多阳台 豪装800000 全江景,530,20429元/m²,5室2厅,259m²,高层(共33层),近地铁
观澜时代（新出）精装三房两厅，一线江景，房东置换，诚心出售。,240,27143元/m²,3室2厅,88m²,低层(共33层),客厅朝南配套成熟环境优美
湖左岸 跃层三房 高端小区 小区自带泳池 南北通透 业主诚售,369,41146元/m²,3室2厅,89m²,高层(共20层),近地铁配套成熟交通便利
观澜时代全新精装大两房，一线江景，全屋地暖加空调。看中可谈！,195,22414元/m²,2室1厅,87m²,高层(共29层),南北通透
世茂大五房装修真心好  豪装170万 家电全送 看房方便,550,21222元/m²,5室2厅,259m²,中层(共33层),近地铁南北通透
观澜跃层2房2卫，精装修25万，少税有车位，楼层中间,210,24556元/m²,2室2厅,85m²,低层(共33层),送家电房型正繁华地段
朗诗国际科技住宅恒温恒湿恒氧 精装20万，学正教育，急售！！,205,25231元/m²,2室2厅,81m²,低层(共32层),近地铁主卧朝南大两房
龙湖滟澜山 新出大两房 高端物业 品质小区 房东诚心出售,250,28017元/m²,2室2厅,89m²,低层(共22层),近地铁繁华地段品质小区
杜绝虚假 70年产权 精装修 地铁口 外地人可买送车位免 税,66,11379元/m²,2室2厅,58m²,高层(共32层),南北通透繁华地段品质小区
泰美国际高端品质公寓 一线江景 全明户型 房间清爽,110,23187元/m²,1室1厅,47m²,低层(共22层),素质住户安全性高品质小区
铭和苑为数不多的三房 户型布局合理客厅宽敞 看房有钥匙,215,23477元/m²,3室1厅,91m²,低层(共16层),近地铁三房朝南靠近花园
急售LOFT公寓！送车位！民用水电气！5.8米层高！通燃气！,52,19259元/m²,2室2厅,27m²,中层(共17层),南北通透环境优美
世茂广场 地铁口! 精致两房 交通方便 诚售! 送家电家具。,125,12376元/m²,2室2厅,101m²,中层(共28层),近地铁素质住户安全性高
标题,价格,均价,房子大小,总面积,楼层,优点
湖左岸 跃层三房 高端小区 小区自带泳池 南北通透 业主诚售,369,41146元/m²,3室2厅,89m²,高层(共20层),近地铁配套成熟交通便利
观澜时代全新精装大两房，一线江景，全屋地暖加空调。看中可谈！,195,22414元/m²,2室1厅,87m²,高层(共29层),南北通透
世茂大五房装修真心好  豪装170万 家电全送 看房方便,550,21222元/m²,5室2厅,259m²,中层(共33层),近地铁南北通透
观澜跃层2房2卫，精装修25万，少税有车位，楼层中间,210,24556元/m²,2室2厅,85m²,低层(共33层),送家电房型正繁华地段
朗诗国际科技住宅恒温恒湿恒氧 精装20万，学正教育，急售！！,205,25231元/m²,2室2厅,81m²,低层(共32层),近地铁主卧朝南大两房
龙湖滟澜山 新出大两房 高端物业 品质小区 房东诚心出售,250,28017元/m²,2室2厅,89m²,低层(共22层),近地铁繁华地段品质小区
杜绝虚假 70年产权 精装修 地铁口 外地人可买送车位免 税,66,11379元/m²,2室2厅,58m²,高层(共32层),南北通透繁华地段品质小区
泰美国际高端品质公寓 一线江景 全明户型 房间清爽,110,23187元/m²,1室1厅,47m²,低层(共22层),素质住户安全性高品质小区
铭和苑为数不多的三房 户型布局合理客厅宽敞 看房有钥匙,215,23477元/m²,3室1厅,91m²,低层(共16层),近地铁三房朝南靠近花园
急售LOFT公寓！送车位！民用水电气！5.8米层高！通燃气！,52,19259元/m²,2室2厅,27m²,中层(共17层),南北通透环境优美
世茂广场 地铁口! 精致两房 交通方便 诚售! 送家电家具。,125,12376元/m²,2室2厅,101m²,中层(共28层),近地铁素质住户安全性高
宋都物业 刚需置业 房东改善户型,193,28040元/m²,2室2厅,68m²,高层(共25层),配套成熟交通便利品质小区
免 税房源，降价15万急甩，精装全配，产权清晰，可包租四千,70,10037元/m²,3室2厅,69m²,中层(共11层),南北通透近地铁繁华地段
龙湖洋房顶跃带炮楼可做六房 阳台多南北通透价格真实,738,44630元/m²,4室2厅,165m²,高层(共7层),近地铁交通便利素质住户
急售||御观邸||大跃层||南北通透||好房可秒||价格可谈,400,30555元/m²,4室2厅,130m²,低层(共32层),近地铁配套成熟繁华地段
龙湖滟澜山|刚需两房||跃层||可秒！！,230,28204元/m²,2室2厅,81m²,中层(共24层),近地铁配套成熟繁华地段
泰美国际 精装修公寓 下沙西地铁旁 楼层适宜 诚心出售,99,20868元/m²,1室1厅,47m²,中层(共21层),
大学城北  保利像素 原户型三房 总价低 89方205万,205,22892元/m²,3室2厅,89m²,中层(共20层),近地铁配套成熟繁华地段
龙湖滟澜山 精装跃层两房 采光好 拎包入住 业主置换 诚售,290,40022元/m²,2室2厅,72m²,高层(共23层),近地铁配套成熟品质小区
钱塘新区 宝龙云滨湾 全新精装 商业城 大学城 文海教育,250,27942元/m²,3室2厅,89m²,低层(共18层),配套成熟交通便利繁华地段
铭和苑 夹边套两房两厅 中间楼层 南北通透  全明户型,232,23078元/m²,2室2厅,100m²,中层(共14层),近地铁繁华地段品质小区
（地铁0距离）和达城精装修 一室一厅 单身公寓！ 交通便利！,75,17442元/m²,1室1厅,43m²,高层(共30层),近地铁配套成熟品质小区
四季风景，新出好房子，装修40万，产大露台，边套户型,265,29699元/m²,2室2厅,89m²,低层(共21层),近地铁近学校交通便利
东裕华庭 A5户型 89方送16方  毛坯房,115,13000元/m²,3室2厅,88m²,低层(共33层),
"房东自住精装，因工任调动，诚心,全新修，可看江景边套三房",248,27787元/m²,2室2厅,89m²,低层(共33层),近地铁南北通透
保利东湾230万边套南北通透三房两厅满五年纯毛坯看房有钥匙,225,25577元/m²,3室2厅,87m²,高层(共32层),配套成熟环境优美交通便利
只此一套豪华装修低总价LOFT公寓！包租4000起，高盈利！,52,11064元/m²,1室1厅,47m²,中层(共18层),南北通透近地铁配套成熟
外地人可落户，首付15万即可，赠送家装配置，欢迎致电，诚售。,58,10357元/m²,2室2厅,56m²,高层(共8层),送家电拎包入住品质小区
"香榭里西边套大三房,小区中间一幢,小高层三房朝南,诚心出售",400,28510元/m²,3室2厅,140m²,高层(共9层),近地铁近学校南北通透
保利湾天地 精装两房两卫 南北通透户型 可自住 可出租 钥匙,102,13784元/m²,2室2厅,74m²,中层(共33层),南北通透拎包入住
碧桂园四房 一级物业 精装30万 房东诚心卖 看房方便,320,18715元/m²,4室2厅,170m²,低层(共31层),南北通透拎包入住
梦琴湾 146方 纯毛坯  楼层好 南北通透 数量仅有几套,305,20762元/m²,3室2厅,146m²,中层(共31层),近地铁配套成熟繁华地段
飞往天空之城不容的一站繁华世茂江滨89方小三房纯毛坯次新房,210,23516元/m²,3室2厅,89m²,低层(共33层),近地铁三房朝南环境优美
急~售！德信早城 精装好房115方350万，金沙湖地铁旁！,350,30366元/m²,3室2厅,115m²,高层(共22层),近地铁近学校安全性高
外地人可买丨送9平丨70年产权丨豪华装丨暂不限购丨可议价五万,68,7709元/m²,3室2厅,88m²,中层(共8层),南北通透配套成熟交通便利
满五无税，近地铁，精装送车位，70年产权，南北通透，交通便利,37,27206元/m²,2室2厅,13m²,低层(共22层),南北通透近地铁品质小区
急~售！德信中外公寓 120方260万纯毛坯大3房龙湖天街旁,360,29868元/m²,3室2厅,120m²,中层(共22层),近地铁配套成熟品质小区
无需任何费用！优选挂牌！首付12万！对外地人无限制！可以托管,45,8654元/m²,2室2厅,52m²,中层(共13层),近地铁繁华地段品质小区
城市果岭 东边套4房 一线江景 全新装修没有住过 客厅大阳台,355,25775元/m²,5室2厅,137m²,高层(共32层),南北通透配套成熟交通便利
急售 低总价 外地人可买 70年产权精装两房 独立产权可落户,66,11786元/m²,2室2厅,56m²,中层(共12层),南北通透配套成熟繁华地段
70年产权住宅|好楼层全新装修|附赠车库|超低总价外地人可买,69.7,10000元/m²,3室1厅,69m²,中层(共6层),南北通透近地铁配套成熟
铭和苑 89方207万全明户型 南北通透 自住精装 看房方便,207,23603元/m²,2室2厅,87m²,中层(共14层),近地铁交通便利繁华地段
保利东湾 业主急降 Z好的一套 精装景观楼,401,18708元/m²,5室2厅,214m²,高层(共32层),环境优美素质住户品质小区
保利湾天地 精装修LOFT 大四房两卫 中间楼层 一线江景房,170,12879元/m²,4室2厅,132m²,中层(共28层),三房朝南景观房次新小区
玫瑰湾精装修 风格简约干净 全新家具 一线江景 房东诚售,240,29499元/m²,2室2厅,81m²,中层(共34层),南北通透
湖景居 刚需三房 三开间朝南 湖景房,369,41317元/m²,3室2厅,89m²,低层(共18层),
大都文苑风情 酒店式住宅 近地铁口 可读文海,100,20367元/m²,1室1厅,49m²,低层(共24层),近地铁近学校配套成熟
非诚勿扰！首付5万！月供1000起！外地人可买！不限购！精装,32,8000元/m²,3室2厅,40m²,中层(共9层),近地铁配套成熟繁华地段
这装修是真的好！！点进来看就对了！豪华装修两房！！,229,25658元/m²,2室2厅,89m²,低层(共33层),近地铁繁华地段品质小区
(刚登记)东郡之星 新小区   有钥匙 诚心置换,180,20157元/m²,3室2厅,89m²,中层(共23层),南北通透
琅琴湾 地铁口 湖景房 一梯一户  195万满2年,195,22109元/m²,3室2厅,88m²,低层(共32层),
铭和苑 新上三房 装修好未住人 简约北美风格 看房方便,180,20747元/m²,3室1厅,86m²,高层(共16层),近地铁繁华地段品质小区
观澜时代精装3房，一梯一户，纯东边套。南北通透，房东急售！,210,23537元/m²,3室2厅,89m²,高层(共33层),独立电梯位置安静配套成熟
世茂瑞景湾 大弧形阳台大四房 精装40万！急！有钥匙 随时看,420,22445元/m²,4室2厅,187m²,中层(共33层),近地铁景观房拎包入住
外地可买|无需社保|70年住宅房|地铁口可上学落户|豪华装修,113.5,12730元/m²,2室2厅,89m²,中层(共18层),南北通透拎包入住繁华地段
龙湖滟澜山 跃层好房 开发商统一装修的 天街边上 拎包入住,290,35561元/m²,2室2厅,81m²,中层(共24层),近地铁配套成熟繁华地段
急售！（首付18万）50年产权！精装修！软装全送！民用水电！,51,8226元/m²,2室2厅,62m²,中层(共17层),近地铁配套成熟品质小区
城中花园 市中心 近地铁口 南北通透 全明户型 等你来购！！,69,8415元/m²,3室2厅,82m²,中层(共15层),近地铁配套成熟品质小区
观澜朗轩精装修 温馨大三室 主卧带阳台 房东诚售 价格实惠,199,22537元/m²,3室2厅,88m²,高层(共29层),采光好拎包入住视野好
温馨不拥挤朝阳  双阳台  三房中间层   满五年,218,24920元/m²,3室2厅,87m²,低层(共33层),环境优美素质住户安全性高
标题,价格,均价,房子大小,总面积,楼层,优点
温馨不拥挤朝阳  双阳台  三房中间层   满五年,218,24920元/m²,3室2厅,87m²,低层(共33层),环境优美素质住户安全性高
东盛家园精装两房总价低房东非常诚心出售看房有钥匙,135,24302元/m²,2室1厅,55m²,低层(共18层),近地铁繁华地段品质小区
急卖! ! 温馨两房 双阳台 一线江景 房东诚心出售 急.,185,20999元/m²,2室2厅,88m²,中层(共33层),近地铁南北通透品质小区
海天城 大两房 精装修自住 房东诚心出售,190,20004元/m²,2室2厅,94m²,低层(共29层),近地铁
急售|可议价15万|无税精装3房|可落户上学|产证齐全送车位,104,11954元/m²,3室2厅,87m²,高层(共13层),近地铁南北通透一梯两户
铭都雅苑  高楼层 两室两厅 户型方正 近地铁,180,30949元/m²,2室1厅,58m²,高层(共25层),近地铁南北通透繁华地段
保利东湾东区129方东边套大四房南北通透180开阔江景,310,24035元/m²,4室2厅,128m²,中层(共33层),景观房房型正视野好
宋都东郡国际。三房朝南。精装修。客厅带阳台。有地暖。房东诚售,220,26363元/m²,3室2厅,83m²,低层(共33层),
钱塘新区 急卖保利 精装公寓4房  一线江景无遮挡 南北通透,150,11450元/m²,4室2厅,131m²,中层(共28层),南北通透配套成熟繁华地段
碧桂园 品质小区||精装两房||刚需必看||户型好||,180,21839元/m²,2室2厅,82m²,中层(共33层),配套成熟繁华地段品质小区
江语海文海教育！87方景观房！装修好不到两年！三房一卫！,290,33204元/m²,3室2厅,87m²,中层(共34层),近地铁
全明户型 东边套 南北通透 多房朝南 诚心出售,290,26128元/m²,2室2厅,110m²,低层(共29层),近地铁配套成熟繁华地段
东边套 景观房 精装自住 中上楼层 采光好 格局好,400,29606元/m²,4室2厅,135m²,中层(共29层),近地铁配套成熟繁华地段
(深夜挂牌） 房东急卖！降！降！降 精装看房VR全景|细节！,320,25387元/m²,4室2厅,126m²,低层(共32层),安全性高繁华地段品质小区
世茂江滨花园精装修两房 双阳台 户型方正  房东诚心出售,210,23869元/m²,2室2厅,87m²,中层(共33层),近地铁南北通透配套成熟
北银公寓!文海学 区!满五年!边套户型!业主诚心出售!近地铁,120,26549元/m²,1室1厅,45m²,中层(共7层),近地铁南北通透
龙湖精装LOFT  高楼层 视野开阔  纵观金沙湖  三房！,280,36736元/m²,3室1厅,76m²,中层(共24层),近地铁交通便利
东海柠檬郡精装3房 刚装修好 房东诚心出售 看房有钥匙,220,24647元/m²,3室2厅,89m²,低层(共32层),近地铁交通便利繁华地段
品质小区|配套其全|近地铁|可落户上学|无需社保|无税精装修,87,10625元/m²,3室2厅,81m²,中层(共18层),近地铁南北通透一梯两户
急售近地铁口！首付10万 产证齐全拎包入住 送精装带车位！,43.2,14400元/m²,2室2厅,30m²,低层(共18层),
急售！低于市场价30万！少个税！精装刚需小户型出售,250,32800元/m²,2室2厅,76m²,中层(共23层),近地铁配套成熟品质小区
降价10万！上下两层！家电全送！无需社保！外地人可购！急售！,42,10769元/m²,2室2厅,39m²,高层(共12层),南北通透环境优美
城市果岭 少有的精装修两房 只住了半年 楼层好 江景视野好,210,23601元/m²,3室2厅,88m²,高层(共34层),南北通透
龙湖滟澜山茗轩 自住精装修 家具家电齐全送 看房有钥匙 急售,280,32374元/m²,3室2厅,86m²,低层(共26层),近地铁南北通透拎包入住
70年产权住宅丨可落户上学丨无需社保丨品质小区配套成熟丨急售,52,11556元/m²,2室2厅,45m²,中层(共12层),南北通透环境优美繁华地段
急售看中88折，地铁口，18万精装送家电，外地可买，无税,70,16279元/m²,3室2厅,43m²,高层(共12层),南北通透近地铁环境优美
龙湖滟澜山新上精装大两房，中间楼层，房东诚心出售，看房方便,265,29635元/m²,2室2厅,89m²,中层(共24层),近地铁繁华地段品质小区
世茂江滨花园精装修两房 双阳台 户型方正  房东诚心出售,220,25037元/m²,2室2厅,87m²,低层(共33层),近地铁南北通透
包租4000，精装修，外地人可买，带车位！房主催泪甩卖！！,73,9733元/m²,3室2厅,75m²,中层(共8层),近地铁配套成熟繁华地段
（店长力荐）买房教科书！为您置业安家保驾护航！飞机户型全阳台,458,23867元/m²,4室2厅,191m²,中层(共32层),南北通透
多蓝水岸南北通透！房东诚心出售！近地铁！配套齐全,270,20586元/m²,3室2厅,131m²,低层(共11层),近地铁配套成熟环境优美
地铁口新上房源 三开间朝南 精装自住 拎包入住 一线江景急售,325,23983元/m²,3室2厅,135m²,高层(共33层),近地铁主卧朝南配套成熟
（新）宋都东郡国际。精装四房。带地下室。带小花园。看房有钥匙,249,25164元/m²,4室4厅,98m²,低层(共32层),安全性高繁华地段品质小区
地铁口！业主诚售赠送40平！无需社保！产证齐全！可落户上学！,8,8000元/m²,2室2厅,10m²,低层(共6层),近地铁繁华地段品质小区
房东急售！首付一成！地铁口！无需社保！产证齐全！可落户上学！,41,10250元/m²,2室2厅,40m²,中层(共12层),近地铁繁华地段品质小区
精装2房可做3房！直属文海！总价低于市场价可谈！南北通透！,190,19244元/m²,2室2厅,98m²,高层(共28层),近地铁南北通透环境优美
龙湖滟澜山！新出精装好房！低于市场30万！房东诚心卖！带车位,428,32456元/m²,3室2厅,131m²,中层(共21层),近地铁南北通透环境优美
降价急售！70年产权住宅！首付3成！纯毛坯免双税！可读文海！,200,25072元/m²,2室2厅,79m²,高层(共32层),近地铁南北通透环境优美
宋都新宸悦府 89送15方155万 处于新湾位置 诚售,155,17416元/m²,3室2厅,89m²,高层(共18层),近地铁繁华地段品质小区
龙湖滟澜山 精装修两房 拎包入住看房方便 到价可谈 诚心出售,200,33350元/m²,2室2厅,59m²,中层(共22层),近地铁安全性高品质小区
免社保，免摇号！民水用电，挑高6米，采光好，无税！租金4千！,46,9787元/m²,2室2厅,47m²,低层(共9层),近地铁配套成熟繁华地段
首付12万 精装修复式公寓 无需社保，外地人可买，送车位,41.5,10122元/m²,2室2厅,41m²,中层(共22层),近地铁配套成熟环境优美
新出好房！龙湖滟澜山2房1厅1卫，精装修20万全送，带车位,176,29392元/m²,2室1厅,59m²,高层(共22层),安全性高繁华地段
品质小区|近地铁|可落户上学|无需社保|无税豪华装修|业主急,95,12667元/m²,3室2厅,75m²,低层(共22层),配套成熟繁华地段品质小区
大都文苑风情|小两房|精装修|文海教育|诚心出|文泽C口好看,156,22978元/m²,2室1厅,67m²,高层(共24层),近地铁近学校安全性高
急急|不限购|可落户上学|无税精装修|近地铁|可议价|送车位,93,10355元/m²,3室2厅,89m²,中层(共22层),南北通透近地铁环境优美
世茂江滨 简装小三房 南北通透 全明户型 诚心出售 随时看房,203,22866元/m²,3室2厅,88m²,中层(共33层),近地铁
70年产权  无需社保 包租3500 可落户上学 精装送车位,78.5,8899元/m²,3室2厅,88m²,中层(共9层),南北通透配套成熟次新小区
外地人可买|首付三城|无需社保|无税精装修|南北通透|送车位,85,14655元/m²,2室2厅,58m²,中层(共21层),近地铁南北通透环境优美
（店长力荐）首付15万！精装复试公寓，送家具家电，包租3千。,57,8906元/m²,3室2厅,64m²,中层(共21层),近地铁配套成熟繁华地段
碧桂园 独立别墅 带花园带泳池 地下室600方 带6个车位,2000,31250元/m²,7室4厅,640m²,共4层,
龙湖滟澜星座 天街旁 金沙湖地铁 高品质精装公寓 拎包入住,150,28064元/m²,1室1厅,53m²,高层(共42层),南北通透
和达城精装修 风格简约干净 全新家具 缺名额置换 房东诚售,255,30004元/m²,2室2厅,84m²,中层(共34层),南北通透
不限购 包税 赠送22平 南北通透全明户型 对口学校可上学,68,11333元/m²,2室2厅,60m²,中层(共8层),南北通透近地铁配套成熟
首付13万  急售 精装LOFT 送家具家电 独立产权可议价,43,9149元/m²,2室2厅,47m²,高层(共16层),南北通透
美伦商务大酒店旁边 地铁口一公里 周边配套齐全 交通方便,62,10000元/m²,2室2厅,62m²,中层(共20层),配套成熟交通便利品质小区
"赠送20平，精装修，房东包税,无需社保，外地人可买。可上学。",55,18333元/m²,3室2厅,30m²,高层(共17层),近地铁繁华地段品质小区
新上铭都雅苑 高沙地铁口 大两房 首付3成 阳台 采光好,258,29761元/m²,2室2厅,86m²,低层(共18层),近地铁南北通透
海天城精装大两房 满五 低于市场价30万 送车位,245,26128元/m²,2室2厅,93m²,高层(共31层),近地铁南北通透
龙湖滟澜山 跃层好房 开发商统一装修的 天街边上 拎包入住,275,33722元/m²,2室2厅,81m²,中层(共24层),安全性高繁华地段品质小区
标题,价格,均价,房子大小,总面积,楼层,优点
精装修包租5年，月租金可达3800.不用出门即可享受红包福利,47.3,8855元/m²,2室2厅,53m²,中层(共9层),配套成熟次新小区品质小区
龙湖滟澜山 地铁旁 精装两房 刚需必买 拎包入住 毗邻天街,192,32016元/m²,2室2厅,59m²,中层(共22层),近地铁配套成熟品质小区
高层通透可揽月，小桥流水可见鱼，梦幻人家醉红尘，买房请找我,42,8936元/m²,2室2厅,47m²,中层(共15层),近地铁配套成熟繁华地段
首付10万，包租3600，地铁口 通燃气 水电民用 产证齐全,44.5,10595元/m²,2室2厅,42m²,中层(共12层),近地铁配套成熟繁华地段
非诚勿扰，地铁口，无需社保，精装修，独立70产权落户，送车位,35.2,12469元/m²,3室2厅,28m²,中层(共21层),近地铁配套成熟品质小区
地铁口 周边配套齐全 简单装修配家电 拎包入住 房东诚心出售,84,13333元/m²,2室1厅,63m²,高层(共18层),近地铁配套成熟次新小区
急~售捡漏！三成首付可议价，精装送车位，低总价高租金，可,60,10000元/m²,2室2厅,60m²,低层(共10层),南北通透
钱塘新区！地铁口500米 租金4000起 外地可买可过户,50,10000元/m²,1室1厅,50m²,中层(共12层),南北通透配套成熟环境优美
低总价，独立产证，通燃气，送车位，可用公积金，民用水电，复式,19,8261元/m²,2室1厅,23m²,中层(共17层),素质住户安全性高繁华地段
东岸嘉园 自住精装东端头大两房 全明采光全通透户型 诚意出售,168,28378元/m²,2室2厅,59m²,中层(共15层),近地铁交通便利繁华地段
大江东 不一样的2房 带电梯 高层豪华装修 实图拍摄 學区房,133,21803元/m²,2室1厅,61m²,高层(共11层),两房朝南中国风配套成熟
（房东急售）一口价40万急售 外地人不限购 精装修 送车位,45,9574元/m²,2室2厅,47m²,中层(共16层),送车位近地铁交通便利
急售，地铁口，精装2房，学校均未用，电梯房，楼层好，可以谈,56.7,9450元/m²,2室2厅,60m²,中层(共8层),南北通透近地铁配套成熟
地铁口 精装修 包租5K 无需社保 外地人可买！可落户上学！,51,11333元/m²,1室2厅,45m²,低层(共12层),近地铁送家电拎包入住
诚售！70年产权 精装送车位 附赠16平 产证清晰 可落户,55,9167元/m²,2室2厅,60m²,中层(共12层),送车位拎包入住配套成熟
美达晓城天地 精装修公寓 临近地铁 外地人可买 产证清晰,46,12105元/m²,2室2厅,38m²,中层(共20层),近地铁配套成熟繁华地段
世茂江滨花园 精装大二房 房东因置换新房 新房看上 现急卖,210,23869元/m²,2室2厅,87m²,低层(共33层),近地铁交通便利繁华地段
房东出国，急需脱手分割资产 低于市场价3成 两房送家具家电,25.7,7788元/m²,2室2厅,33m²,中层(共27层),南北通透环境优美交通便利
急售！外地人可买，首付15万，精装无税，临近地铁口，五证齐全,41.8,9289元/m²,2室1厅,45m²,中层(共13层),送车位近地铁配套成熟
首付17万，包租3500投姿佳选，送家具电器，可拎包入住无税,51,12143元/m²,2室2厅,42m²,高层(共17层),近地铁南北通透配套成熟
首付三成。无需社保，近名校，精装带车位，产证齐全，拎包入住！,53,9636元/m²,2室2厅,55m²,中层(共19层),南北通透采光好品质小区
下沙银泰旁 中豪七格 70年产权 商圈配套完善 房东诚心卖,76,16889元/m²,2室2厅,45m²,中层(共23层),南北通透配套成熟繁华地段
飞往天空之城不容错过的一站繁华中间层朝南双阳台视野开阔满五,225,25539元/m²,2室2厅,88m²,中层(共32层),近地铁双阳台景观房
海天城近地铁！精装修2房！周边物美超市！学正教育!,245,26128元/m²,2室2厅,93m²,低层(共29层),近地铁繁华地段品质小区
（送车位）首付16万，精装loft公寓，拎包入住，包租5千,40.3,10605元/m²,2室2厅,38m²,中层(共12层),近地铁拎包入住次新小区
公积金可贷款，首付3成，双地铁口，低总价低首付，过渡必备,70.5,13721元/m²,2室2厅,51m²,中层(共17层),一梯两户拎包入住近地铁
中豪七格 精装Loft 房主很爱惜 配套齐全 品质小区,75,17159元/m²,2室1厅,43m²,低层(共23层),近地铁繁华地段品质小区
急售 70年产权 地铁口旁边 房东有急事急卖 可落户 可上学,84,12714元/m²,2室2厅,66m²,中层(共15层),配套成熟环境优美交通便利
（内部保留房）房东急售！首付2成， 送精装，包税费，好地段！,40.5,12656元/m²,1室2厅,32m²,高层(共25层),安全性高繁华地段品质小区
70年产权，无需社保，刚需必买，可落户上学，送精装，通燃气！,55,11702元/m²,2室2厅,47m²,中层(共12层),采光好配套成熟品质小区
随时网签，不是起拍价，外地人可买，首付12万，产证清晰不限购,43.8,12167元/m²,2室2厅,36m²,低层(共7层),采光好配套成熟品质小区
伊萨卡豪装大两房，纯边套，南北通，房屋请专家设计大师鉴房,228,25432元/m²,2室2厅,89m²,高层(共33层),近地铁南北通透拎包入住
杭州碧桂园 刚需置业 大三房 精装修 家具家电全送,220,24752元/m²,3室2厅,88m²,高层(共34层),
地铁口附近|可议价8万|近地铁口|不限购不限贷|月租4000,64.8,15859元/m²,2室2厅,40m²,中层(共17层),一梯两户拎包入住近地铁
宝龙loft精装修 文海南路站双地铁口 可以公司办公 全明卫,105,15924元/m²,3室2厅,65m²,中层(共22层),跃层式拎包入住近地铁
9月21号挂牌！金沙湖 地铁口精装两房 可落户可上学,64,9846元/m²,2室2厅,65m²,中层(共16层),南北通透送车位环境优美
东海柠檬郡 朝南大两房  原始户型  一线江景,220,24986元/m²,2室2厅,88m²,低层(共29层),近地铁配套成熟繁华地段
总价低 近地铁 景观房 小区自带游泳池 周边配套齐全,310,27930元/m²,2室2厅,110m²,低层(共29层),近地铁配套成熟繁华地段
产证齐全，户型端正，地铁就在旁边。复古型住宅，生活配套齐全,95,10556元/m²,3室2厅,90m²,共3层,
秒杀   精装修四房    大跃层    送60方,550,42014元/m²,4室2厅,130m²,低层(共28层),近地铁配套成熟繁华地段
此房地铁口，地铁口50米 大三房纯毛坯 视野好 一线江景,300,22067元/m²,3室2厅,135m²,低层(共33层),景观房近地铁品质小区
海天城 精装 南北通透 三房 楼层好 价格到位马上签 急卖,265,23375元/m²,3室2厅,113m²,中层(共22层),近地铁配套成熟品质小区
通知！ 特价房，优惠6W，月租3000还剩2套，精装双钥匙。,46,8364元/m²,2室2厅,55m²,中层(共18层),配套成熟繁华地段品质小区
浙江传媒大学旁！近地铁，产权清晰无纠纷！通燃气，可落户上学！,46.3,9851元/m²,2室2厅,47m²,中层(共6层),近地铁配套成熟繁华地段
保真 房源 东裕华庭 89方110万保真假一罚万，看房有钥匙,110,12514元/m²,3室2厅,87m²,中层(共32层),主卧朝南品质小区
9月21日，丽泽苑，无社保可买，读书上学，首付5万，赠精装修,20,19802元/m²,2室2厅,10m²,中层(共16层),南北通透环境优美交通便利
中豪七格  经典跃层 精装修朝南 中下楼层  采光不受影响,89,17451元/m²,3室1厅,51m²,低层(共23层),配套成熟交通便利品质小区
精心挑选，房东挂牌，不限购，通燃气，民用水电，精装修。,43,9556元/m²,2室2厅,45m²,中层(共17层),南北通透近地铁繁华地段
景冉佳园 简单出租装修 本人专做文海 属于文海上学 价格可谈,200,31566元/m²,2室2厅,63m²,低层(共32层),近地铁客厅朝南房型正
中豪七格 周边配套齐全 租金可观  自住皆可 拎包入住,78,18868元/m²,3室1厅,41m²,高层(共23层),安全性高繁华地段品质小区
海天城 大三房 中间好楼层 采光好 配套齐全 靠近地铁云水站,270,23909元/m²,3室2厅,112m²,中层(共33层),近地铁采光好配套成熟
近地铁  精装修大两房，通透性很好  诚心出售,205,23101元/m²,2室2厅,88m²,低层(共18层),近地铁配套成熟繁华地段
城市果岭 毗邻高尔夫球场，精装全送拎包入住，价格可谈，双阳台,216,27307元/m²,2室2厅,79m²,中层(共34层),大平层繁华地段品质小区
70年纯住宅，保真，社保可解决可落户，送家电家具，含产权车位,71,10143元/m²,3室2厅,70m²,中层(共12层),近地铁配套成熟环境优美
外地人可买 可落户上学  包落户过户 精装修，70年产权,73.9,11369元/m²,3室2厅,65m²,中层(共24层),南北通透近地铁繁华地段
柠檬郡东边套 户型方正 大四房，视线无遮挡 南北通透,390,28865元/m²,4室2厅,135m²,中层(共29层),近地铁繁华地段品质小区
（新上精装）碧桂园|钱塘新区|满两年|精装修|抓紧时间去看,210,25547元/m²,2室2厅,82m²,中层(共34层),南北通透小户型
中外公寓大四房 西边套送大露台 房东直降8万 急卖看房有钥匙,365,30283元/m²,3室2厅,120m²,中层(共26层),近地铁南北通透
铭和苑楼层，南北通透，清爽的装修可以直接拎包入住，诚心卖,199,23659元/m²,2室2厅,84m²,低层(共20层),南北通透
大都文苑风情 1室1厅 交通便利 周边配套成熟,136,27699元/m²,1室1厅,49m²,中层(共24层),近地铁近学校
标题,价格,均价,房子大小,总面积,楼层,优点
大都文苑风情 1室1厅 交通便利 周边配套成熟,136,27699元/m²,1室1厅,49m²,中层(共24层),近地铁近学校
外地人可买！月供2000多！来电包税34000！东边套采光好,60.9,8700元/m²,3室2厅,70m²,中层(共22层),独立电梯带阁楼近地铁
世茂江滨花园新出精装两房，双阳台，房东诚心出售，随时看房,175,19916元/m²,2室2厅,87m²,低层(共33层),近地铁繁华地段品质小区
海天城 户型方正舒适两房 包容有度动静分离 好房诚售总价低,218,21945元/m²,2室2厅,99m²,低层(共29层),近地铁南北通透
金沙湖畔 总价低 房东底价价急售三房 等你来询,280,31581元/m²,4室1厅,88m²,中层(共33层),近地铁近学校繁华地段
朗诗国际精装修好房，180万急卖，户型好，楼层好,180,22176元/m²,2室2厅,81m²,中层(共32层),近地铁交通便利繁华地段
梦琴湾147方大户型！户型方正!全线江景！钥匙在手！看中就签,318,21647元/m²,3室2厅,146m²,中层(共32层),近地铁
泰美国际新出好房 从未住人  精装朝南跃层好房 随时看房,115,24241元/m²,1室1厅,47m²,低层(共22层),小户型拎包入住
地铁1号线，无需社保，外地人可买，包租，精装两房，配套完善,58.8,9145元/m²,2室2厅,64m²,中层(共27层),近地铁近学校配套成熟
保利城市果岭 价格实惠 中装大三房  可直接入住 随时看房,245,28177元/m²,3室2厅,86m²,中层(共33层),
低于市价急售|产权清晰|实地拍摄|外地人可买|产权清晰|无税,68,13333元/m²,2室2厅,51m²,中层(共18层),南北通透送家电送车位
精装住宅，无社保可拎包入住首付三成,72,11077元/m²,2室2厅,65m²,低层(共10层),南北通透环境优美
自住精装修 设计装修独特 跃层  素质住户 非常适合居住,80,18605元/m²,2室1厅,43m²,低层(共23层),配套成熟繁华地段品质小区
龙湖新出跃层，，东南边套采光好,280,34645元/m²,2室1厅,80m²,中层(共23层),
梦琴湾 大三房 三房两卫 两梯两户 客厅阳台 户型正,305,20762元/m²,3室2厅,146m²,中层(共31层),近地铁南北通透
赠送9平 层高5米5 带车位 产证齐全 精装2层 外地人可买,49.6,17103元/m²,2室2厅,29m²,高层(共17层),素质住户安全性高品质小区
"观澜202方一线江景房，钱塘江畔,户型正气,采光好房东诚心。",420,20655元/m²,4室2厅,203m²,高层(共38层),南北通透
江滨地铁口，精装装四房，家具家电齐全，价格实惠，随时看房,330,24452元/m²,4室2厅,134m²,高层(共33层),近地铁主卧朝南客厅朝南
宝龙云滨湾，领毗宝龙商圈，品牌龙湖物业，文海一暂式教育,257,28896元/m²,2室2厅,88m²,低层(共28层),南北通透拎包入住
景冉佳园 精装修出售 随时可以看房 采光好 配套好 房东诚心,175,30973元/m²,2室1厅,56m²,高层(共30层),近地铁安全性高繁华地段
世茂新出边套三房 视野好 绿城物业贴心服务 地铁口住宅 急卖,215,23915元/m²,3室2厅,89m²,中层(共33层),近地铁南北通透品质小区
龙湖滟澜山 精装修两房 拎包入住看房方便 到价可谈 诚心出售,215,35851元/m²,2室2厅,59m²,中层(共22层),近地铁配套成熟繁华地段
铭和苑 全明两房 西边套！领包入住 诚售 价格真实,243,28887元/m²,2室2厅,84m²,低层(共18层),南北通透配套成熟繁华地段
回家就是一种度假，精致两房，首付三成，送产权车位，急售,84,14000元/m²,2室2厅,60m²,中层(共16层),近地铁繁华地段品质小区
德信早城 两房一厅 中间楼层 总价低 交通便捷看房提前联系,196,33539元/m²,2室1厅,58m²,高层(共18层),近地铁近学校繁华地段
阳光华城小户型精装修好房， 房东180万急卖，随时看房,160,31955元/m²,2室1厅,50m²,中层(共9层),近地铁品质小区
16佰店華邦，实见好房！周沫特价 房东急降10万 可看房！！,65,12745元/m²,1室1厅,51m²,高层(共21层),位置安静拎包入住近地铁
房屋南北通透 采光度良好 近地铁 适宜小区周围交通便利,45,8971元/m²,3室2厅,50m²,中层(共10层),送车位交通便利品质小区
湖左岸新出房源 纯毛坯 中间楼层 看房有钥匙 房东诚售,390,43488元/m²,3室2厅,89m²,高层(共20层),近地铁南北通透
观澜时代临湖排屋，前后150平大花园，私家码头室内可做电梯,888.9,29048元/m²,6室3厅,306m²,共4层,带车库带花园品质小区
非诚勿扰 70年产权 无需社保可买 房东置换新房 近地铁,61,12979元/m²,2室2厅,47m²,中层(共21层),近地铁配套成熟品质小区
世茂江滨花园 一线江景 清新两房 环境优美 业主诚心出售,178,20232元/m²,2室2厅,87m²,低层(共33层),近地铁环境优美繁华地段
野风海天城 全明户型 西边套 两房朝南 主卧带阳台 随时看房,320,26508元/m²,3室2厅,120m²,高层(共31层),近地铁主卧朝南客厅朝南
海天城，物美商圈，近地铁近学驱，家门口一占式学正教育安心求学,243,25859元/m²,2室2厅,93m²,低层(共33层),近地铁配套成熟
首付8万，租金5仟，包租十年，独立产证，精装送车位，金沙居,45,10976元/m²,2室2厅,41m²,高层(共12层),近地铁繁华地段品质小区
22佰店華邦，实见好房！周沫特价 房东急降20万 可看房！！,218,24569元/m²,3室2厅,88m²,低层(共43层),双阳台位置安静近地铁
小三居 刚需神房 环境好  商场齐全,195,21751元/m²,3室2厅,89m²,高层(共32层),南北通透
观澜时代标准三房 真实价格 看房有钥匙 客厅带阳台 诚心出售,193,21967元/m²,3室2厅,87m²,中层(共29层),采光好房型正视野好
琅琴湾毛坯房三房地铁口核心区,180,20207元/m²,3室2厅,89m²,中层(共22层),
地铁口 琅琴湾 89方 3房2厅 200万 带车位 满两年,200,22653元/m²,3室2厅,88m²,低层(共32层),
新出房东急卖大两房 通透性很好采光无遮挡 诚心出售看房方便,185,20852元/m²,2室2厅,88m²,高层(共20层),
保利城市果岭，大五房置换优选，纯东边套，业主诚售,425,22964元/m²,5室2厅,185m²,低层(共33层),南北通透
品质小区，高尚服务，园林小区，一线江景,191,21545元/m²,2室2厅,88m²,低层(共33层),采光好安全性高品质小区
碧桂园刚需两房，中心位置，满五唯一，价格可谈,185,22367元/m²,2室2厅,82m²,低层(共33层),景观房采光好品质小区
晨光国际 精装 四房两卫 靠近地铁江滨站 空置有钥匙看房,320,23209元/m²,4室2厅,137m²,高层(共34层),近地铁交通便利安全性高
朗诗国际小两房！捡漏房来袭！房东周转钱急卖！看房有钥匙！,199,24504元/m²,2室1厅,81m²,高层(共31层),近地铁主卧朝南客厅朝南
专做文海 金沙学府大5房 交通口 带车位一个 诚心出售 急卖,390,18414元/m²,5室2厅,211m²,高层(共6层),近地铁交通便利安全性高
"总价低大三房精装修,双阳台 江景房,楼层好 户型好",265,20479元/m²,3室2厅,129m²,高层(共32层),近地铁南北通透
急售，首付15万，地铁口房，精装三房，无需社保，包落户,70,9211元/m²,3室2厅,76m²,中层(共18层),近地铁配套成熟繁华地段
精修三房 送车位 首付24万 产证齐全可过户 对口杭州名校,79.6,9950元/m²,3室2厅,80m²,低层(共16层),南北通透配套成熟品质小区
龙湖滟澜山 跃层好房 开发商统一装修的 天街边上 拎包入住,265,32452元/m²,2室2厅,81m²,中层(共26层),近地铁繁华地段品质小区
世茂三期一线江景房源，双阳台，大两房，房东急售，看房有钥匙,208,23615元/m²,2室2厅,88m²,中层(共33层),近地铁
东郡国际  89方3房2卫  满2年230万  房东诚心出售,230,26086元/m²,3室2厅,88m²,低层(共33层),主卧朝南
世茂江滨花园 急卖大五房 高楼层 房东急要钱 满五省去好几万,340,21239元/m²,5室2厅,160m²,高层(共33层),近地铁南北通透繁华地段
月租金5千，可用公积金贷，赠送精装修，无税房源，低于市场价,17,16832元/m²,2室2厅,10m²,中层(共16层),南北通透近地铁品质小区
业主置换出售，全新精装，全南户型，采光好，居家的不错选择,260,25863元/m²,2室2厅,100m²,中层(共14层),近地铁繁华地段品质小区
70年产权住宅房I精装修I送产权车位I外地人可买I可落户上学,75,7576元/m²,2室2厅,99m²,共5层,配套成熟交通便利品质小区
保利像素 保利品质 精装修 钱塘新区 三房两卫 诚心出售,210,23451元/m²,3室2厅,89m²,低层(共33层),配套成熟环境优美品质小区
首付仅30万 通天然气 月租金3000起 不限购外地人可买,171.7,28010元/m²,2室2厅,61m²,中层(共6层),近地铁配套成熟繁华地段
江语海标准三房两卫户型!全线景观房!文海!赠25平面积,260,32832元/m²,3室2厅,79m²,中层(共33层),近地铁南北通透交通便利
标题,价格,均价,房子大小,总面积,楼层,优点
江语海标准三房两卫户型!全线景观房!文海!赠25平面积,260,32832元/m²,3室2厅,79m²,中层(共33层),近地铁南北通透交通便利
精装两房！不限购！近地铁！首付25万！赠送家具家电！送车位！,82,13667元/m²,2室2厅,60m²,高层(共11层),南北通透近地铁环境优美
晨光国际 精装跃层 三房两卫 靠近地铁江滨站 空置有钥匙看房,260,30194元/m²,3室2厅,86m²,中层(共34层),近地铁南北通透
杭州碧桂园 刚需置业 大三房 精装修 家具家电全送,220,24694元/m²,3室2厅,89m²,低层(共33层),南北通透配套成熟交通便利
地铁口 精装跃层 三房两卫 低于市场25万 诚心出售,265,30735元/m²,3室2厅,86m²,中层(共29层),近地铁跃层式拎包入住
保利东湾 新上全新15万装修好房 大两房刚需首推 楼层好通风,160,26438元/m²,2室2厅,60m²,高层(共32层),南北通透繁华地段品质小区
铭和苑新出好房！铭和苑2房2厅1卫，全明户型，诚心出售！,195,23734元/m²,2室2厅,82m²,中层(共16层),近地铁配套成熟交通便利
世茂江滨 新上的低总价大户型！房东急卖！好户型！露台可以浇筑,350,22156元/m²,3室2厅,157m²,中层(共33层),南北通透繁华地段品质小区
云水和达对面 社区医院旁 精装大三房 房东诚售 价格可谈,265,20672元/m²,3室2厅,128m²,中层(共18层),田园风拎包入住次新小区
精装修自住！全新装修！纯边套！降价20万！无抵押随时看！,200,18920元/m²,2室2厅,105m²,低层(共20层),南北通透环境优美
精装70万 带20平超大弧形阳台 南北通透 全明户型 好户型,320,20836元/m²,4室2厅,153m²,中层(共34层),三房朝南景观房拎包入住
温馨跃层，房东精装自住。亏本甩卖。,280,34289元/m²,2室2厅,81m²,高层(共24层),南北通透素质住户品质小区
实地拍摄|70年产权住宅|无需射保可买|随时看房|欢迎咨询|,77,24839元/m²,2室2厅,31m²,中层(共18层),南北通透送家电送车位
琅琴湾 满2年 包车位 205万 真 实 价 格,205,24481元/m²,3室2厅,83m²,中层(共31层),
多蓝C3户型 中间楼层 电梯房 清爽装修 可直接出租,290,21314元/m²,3室2厅,136m²,中层(共11层),近地铁靠近花园采光好
金隅金座 精装修 江景房 诚心出售,65,12495元/m²,1室1厅,52m²,高层(共21层),素质住户安全性高品质小区
龙湖滟澜山  跃层，全明户型，多房朝南,240,31064元/m²,2室2厅,77m²,高层(共13层),配套成熟繁华地段品质小区
观澜时代 精装边套三房 满五年 带大入户花园  随时来电看房,235,24979元/m²,3室2厅,94m²,中层(共34层),南北通透
杭州碧桂园 特殊户型  毛坯来两房 房东降价10万出售 有钥,188,22799元/m²,2室2厅,82m²,低层(共32层),南北通透
世茂瑞景湾 三开间朝南精装修大三房，中上楼层一线江景,290,21428元/m²,3室2厅,135m²,高层(共33层),近地铁配套成熟环境优美
钱塘新区 自住精装大三房 全明户型 三开间朝南 客厅朝南带阳,350,25220元/m²,3室2厅,138m²,中层(共16层),配套成熟交通便利繁华地段
超低2成首付，无需社保，外地人不限购，全屋赠送精装！赠15平,69,9857元/m²,2室2厅,70m²,中层(共23层),配套成熟繁华地段品质小区
景冉佳园  文海学 区  纯东边套 南北通透  限时诚售中,195,31858元/m²,2室2厅,61m²,中层(共32层),近地铁主卧朝南小户型
朗诗国际 恒温恒湿恒氧 双阳台大两房 一线江景 急售 急售,228,26010元/m²,2室2厅,87m²,高层(共31层),近地铁南北通透
海天城纯毛坯 三房 客厅朝南带阳台,300,24622元/m²,3室2厅,121m²,高层(共18层),近地铁客厅朝南厅带阳台
新上 东郡之星 两开间朝南 双阳台 南北通透 采光好,160,23058元/m²,2室2厅,69m²,高层(共34层),小户型
东裕华庭89方A5户型三房两厅高楼层采光充足,115,12806元/m²,3室2厅,89m²,中层(共29层),配套成熟次新小区交通便利
新上精装50万的4房 纯边套  双阳台 一线江景低于市场价,330,28626元/m²,4室2厅,115m²,高层(共33层),拎包入住环境优美品质小区
世茂新上 房东急卖 精装修 带阳台 近地铁 loft,87,16571元/m²,1室1厅,52m²,中层(共28层),交通便利安全性高繁华地段
东海未名园 |文海教学|精装东边套|文泽D口|得房率高|诚售,335,27374元/m²,3室2厅,122m²,中层(共9层),近地铁近学校繁华地段
给您一个家 不一样的价格 不一样的享受 一个不需要多大的地方,67,14255元/m²,2室1厅,47m²,中层(共14层),近地铁繁华地段品质小区
世茂瑞景湾 精装35万 可看江景 绿城物业 江滨站 钱塘新区,220,24650元/m²,2室2厅,89m²,低层(共33层),近地铁配套成熟环境优美
保利东湾东区 豪装修 楼层中间，一线江景，纯边套，拎包入住。,420,20803元/m²,4室2厅,201m²,中层(共31层),近地铁配套成熟环境优美
湖左岸 125方跃层 大户型 555W送车位出售  随时看房,555,44160元/m²,4室3厅,125m²,中层(共30层),近地铁南北通透
江语海文海教育！户口学 区没占用！户型景观绝 送大阳台,195,30660元/m²,2室2厅,63m²,低层(共34层),近地铁南北通透
柠檬郡家园  刚需精装两房 采光好一线江景房 业主诚售随时看,198,28994元/m²,2室1厅,68m²,中层(共32层),近地铁繁华地段品质小区
好房！！！远离喧器真正江景 居家温馨 抓住小尾巴 快快入手。,335,24106元/m²,3室2厅,138m²,低层(共34层),景观房拎包入住配套成熟
保利东湾 标准3房2卫 主卧带阳台 房东急售 看房方便,250,23979元/m²,3室2厅,104m²,高层(共34层),景观房采光好视野好
南北通透， 精装2房 满5且 送入户花园 客厅带阳台 诚售,180,20092元/m²,2室2厅,89m²,低层(共34层),南北通透
伊萨卡国际城  纯毛胚  采光无遮挡  南北通透  三房朝南,273,21566元/m²,3室2厅,126m²,高层(共33层),近地铁配套成熟品质小区
朗诗国际街区东园 精装修两房，双阳台，一线江景，楼层好,198,24381元/m²,2室2厅,81m²,中层(共33层),近地铁南北通透
中外公寓 房东诚心出售 大面积住宅,370,30698元/m²,3室2厅,120m²,中层(共26层),近地铁配套成熟繁华地段
铭和苑 夹边套两房两厅 中间楼层 南北通透  全明户型,180,19949元/m²,2室2厅,90m²,高层(共14层),近地铁配套成熟繁华地段
70年产权精装两房 首付低 外地人可买 无需社保 可落户,32,9412元/m²,2室2厅,34m²,低层(共33层),近地铁近学校客厅朝南
梦琴湾 大三房 楼层好 价位低 朝向好 房东急售有钥匙,270,20617元/m²,3室2厅,130m²,高层(共17层),近地铁安全性高繁华地段
梦琴湾 精装3房  交通便捷 房东自住装修 随时看房有钥匙,300,24089元/m²,3室2厅,124m²,中层(共32层),近地铁交通便利繁华地段
海天城地铁口精装修四房两房朝南客厅带阳台 诚心出售 随时看房,390,24095元/m²,4室2厅,161m²,高层(共13层),近地铁主卧朝南客厅朝南
龙湖滟澜山 澜轩跃层房屋，开发商精装修，动静分明，业主诚售,320,39187元/m²,2室2厅,81m²,低层(共24层),近地铁繁华地段品质小区
景冉新出好房 全新装修未住过人 学籍不占用 随时可入住,189,29830元/m²,2室2厅,63m²,高层(共25层),近地铁南北通透
宝龙城市广场，下沙大学城旁，双地铁口，租金五千，豪华装修,110,17188元/m²,3室2厅,64m²,高层(共23层),南北通透拎包入住
70年住宅！首付17万!精装3房！电梯洋房！无税！送家具家电,57,11400元/m²,2室2厅,50m²,中层(共19层),近地铁配套成熟繁华地段
萧山新上 未来第二市中心 买到就是赚到 金色和庄 买房送车位,66,12692元/m²,2室2厅,52m²,中层(共12层),两房朝南南北通透配套成熟
世茂 地铁口 大四房 纯东边套 视野采光好 只卖毛胚价,380,21949元/m²,4室2厅,173m²,高层(共33层),近地铁繁华地段品质小区
来电减二万！兔税首付22万精装房，无需社保，房主送车位送家电,68,10758元/m²,2室2厅,63m²,高层(共13层),交通便利繁华地段品质小区
伊萨卡精装四房业主诚心卖,350,25329元/m²,4室2厅,138m²,高层(共34层),近地铁
碧桂园89方 一级物业  精装30万 房东诚心卖 看房方便,230,25817元/m²,3室2厅,89m²,低层(共33层),南北通透拎包入住
两房朝南纯毛坯房 中上楼层 南面是洋房 采光一点无遮挡,272,35206元/m²,2室2厅,77m²,高层(共13层),南北通透
保利东湾  纯边套三房两卫 客厅主卧双露台 一线江景 送车位,265,25596元/m²,3室2厅,103m²,高层(共34层),南北通透
钱塘新区东裕华庭A5  89方115万带车位带装 中上楼层,115,12851元/m²,3室2厅,89m²,中层(共32层),配套成熟繁华地段品质小区
新世界琅琴湾 89送28方212万 带装修带车位 楼层好！,212,23598元/m²,3室2厅,89m²,低层(共32层),配套成熟繁华地段品质小区
标题,价格,均价,房子大小,总面积,楼层,优点
东郡国际 精装修 带大露台一个 西边套 娃娃去市区念书,235,26602元/m²,3室2厅,88m²,低层(共32层),南北通透赠露台交通便利
婚房温馨装修  没怎么住过人  保养的很好  家电家具可,230,25857元/m²,2室2厅,88m²,中层(共18层),
仲外公寓大四房 纯边套 大阳台 南北通透真实价格,448,35618元/m²,4室2厅,125m²,低层(共23层),近地铁环境优美交通便利
包租5000不限购，精装修近地铁，此房赠送30万的装修！！,40,10808元/m²,2室1厅,37m²,中层(共17层),近地铁配套成熟品质小区
金沙湖壹号   LOFT  天街旁 随时看房  房东诚心卖,150,23188元/m²,4室2厅,64m²,低层(共19层),近地铁南北通透
大江东核心地段，边套采光好，全新毛坯,200,22681元/m²,3室2厅,88m²,中层(共18层),
龙湖滟澜山丽轩 大四房洋房现房 纯毛坯车位 看房有钥匙急卖,700,41386元/m²,4室2厅,169m²,中层(共7层),南北通透
世茂江滨花园豪华装修!大户型，全线江景，五房四卫，看房方便!,488,18790元/m²,5室2厅,259m²,中层(共33层),近地铁南北通透
多蓝水岸正气大两房 得房率高 采光无遮挡 低总价,198,21293元/m²,2室2厅,92m²,低层(共6层),近地铁配套成熟繁华地段
保利湾天地 46方精装小户型 2室2厅2卫 总价低 房东诚售,88,18844元/m²,2室2厅,46m²,低层(共17层),拎包入住
新出 保利3房2卫，精装修25万主卧带阳台业主诚心 随时看房,248,26612元/m²,3室2厅,93m²,低层(共33层),南北通透
观澜时代 精装跃层江景房 三房户型 拎包入住 房东诚心卖,225,26517元/m²,2室2厅,84m²,中层(共43层),拎包入住
"70年产权住宅精装全配,品质小区,低首付,高性价比,拎包入住",59,10727元/m²,2室2厅,55m²,中层(共16层),近地铁配套成熟繁华地段
20万住大三房，外地落户上学没有任何问题，精装修送阳台飘窗。,74,8043元/m²,3室2厅,92m²,中层(共13层),
世茂江滨 精装修罪便宜的一套 双阳台 自住精装修 保养的很好,215,24468元/m²,2室2厅,87m²,低层(共33层),近地铁双阳台次新小区
江东府 89方送37方 东边套 楼层好 200万,200,22326元/m²,4室2厅,89m²,高层(共18层),
央企开发商 纯线江景房 环境优美 增 送面积超多  阳台多,330,23960元/m²,4室2厅,137m²,高层(共33层),三房朝南独立电梯送车位
观澜时代 新出3室2厅 精装修 高楼层 带弧形大阳台 急卖,240,27435元/m²,3室2厅,87m²,低层(共29层),南北通透
德信早城 经典好房 大两房 视野好 小区配泳池 价可谈,195,37551元/m²,2室1厅,51m²,中层(共25层),近地铁近学校繁华地段
宋都东郡国际锦湾 小户型 精装修 两房双阳台 拎包入住 诚售,185,26878元/m²,2室2厅,68m²,高层(共25层),拎包入住
多蓝水岸多层三房 采光好 得房率高 南北通透,303,22436元/m²,3室2厅,135m²,高层(共6层),近地铁配套成熟繁华地段
茗轩新出精装二房可改3房，南北通透，楼层好，诚心出售随时看房,290,33090元/m²,2室2厅,87m²,高层(共23层),近地铁繁华地段品质小区
老物美对面，盛泰名都84方方正两房，文泽路地铁，文海教育,230,27381元/m²,2室2厅,84m²,中层(共32层),近地铁南北通透
景冉佳园 全区底价 文海房 主卧带阳台 房东诚心 价格可谈,185,29562元/m²,2室2厅,62m²,高层(共32层),近地铁品质小区
首付15万 70年产权 临近地铁 产证清晰 无需社保 送家电,51,15455元/m²,2室2厅,33m²,中层(共17层),主卧朝南客厅朝南带飘窗
新出好房！龙湖滟澜园2房1厅1卫，精装修20万全送，带车位,178,29682元/m²,2室1厅,59m²,高层(共22层),安全性高繁华地段品质小区
保利东湾精装2房，房子精装自住，保养很好。视野好采光足！,156,26658元/m²,2室1厅,58m²,低层(共35层),
宝龙云滨湾两房朝南，文海读书，看房有钥匙,265,29795元/m²,2室2厅,88m²,中层(共18层),
新上德信早城  精装67万东边套 改善爆款送阁楼 拎包入住,430,36705元/m²,3室2厅,117m²,高层(共18层),近地铁近学校南北通透
世茂江滨花园大5房，复试一线江景房，南北通透，户型方正近地铁,570,22299元/m²,5室2厅,255m²,中层(共25层),近地铁配套成熟交通便利
河庄地铁口，3楼钻石楼层，满两年，随时看房,150,17992元/m²,2室2厅,83m²,共4层,近地铁配套成熟交通便利
多蓝水岸好房来袭！中楼层！学正教育！低市场价30万！钥匙房！,272,19493元/m²,3室2厅,139m²,中层(共11层),近地铁南北通透
（新出挂牌）急需出售！房东含泪大降价！真实|可随时签约！,305,26402元/m²,3室2厅,115m²,低层(共34层),安全性高繁华地段品质小区
无税急售！外地人可买！无需！地段繁华！包租4千！以租养贷,47,9792元/m²,2室2厅,48m²,高层(共9层),南北通透配套成熟品质小区
全明西边套户型 南北通透 位置安静 中间楼层双阳台带露台,430,35676元/m²,3室2厅,120m²,中层(共26层),近地铁南北通透
首付16万无需社保可落户，南北通透近地铁，对口學区，送精装修,77.3,11486元/m²,3室2厅,67m²,中层(共17层),南北通透近地铁配套成熟
东方铭楼 高沙地铁口20米 印象城边 商业繁华  诚心出售,116,20351元/m²,1室1厅,57m²,低层(共23层),近地铁
龙湖丽轩新上 精装大两房跃层 动静分离得房率高 随时看房诚售,267,36848元/m²,2室2厅,72m²,高层(共23层),近地铁繁华地段品质小区
下沙繁华地段，紧邻天街，经典跃层 精装修，南北通透拎包入住,362,40638元/m²,3室2厅,89m²,中层(共32层),近地铁三房朝南南北通透
装修独特 精装30万自住 使用性强 装修风格好 户型方正,100,19810元/m²,2室1厅,50m²,中层(共22层),配套成熟繁华地段品质小区
急售刚需两房，客厅带阳台，精装修，一线江景 拎包入住,192,28115元/m²,2室2厅,68m²,低层(共26层),近地铁配套成熟交通便利
杜绝虚假 70年产权精装修 地铁口 住宅房 送车位 外地可买,85,12500元/m²,3室2厅,68m²,高层(共7层),南北通透繁华地段品质小区
钱塘新区地铁7号线旁 江东府82送23 楼层中上 三房朝南,180,21900元/m²,3室2厅,82m²,中层(共18层),近地铁次新小区品质小区
（新上房源）宋都东郡国际。精装三房。设计师装修。全明户型。,228.9,25605元/m²,3室2厅,89m²,低层(共18层),南北通透
金沙湖品质公寓，精装修平层，,79,15921元/m²,1室1厅,49m²,中层(共27层),主卧朝南中国风
优选房源 精装大四房 空间大别墅 诚心出售 价格可谈,330,20143元/m²,4室2厅,163m²,低层(共34层),全南户型拎包入住配套成熟
火爆。宋都东郡国际。自住精装。拎包入住。房东诚售。看房方便。,228,26204元/m²,3室2厅,87m²,高层(共32层),安全性高繁华地段品质小区
店长力荐 景冉佳园文海上学 杭州安家 房东新房看好急卖,190,30361元/m²,2室2厅,62m²,高层(共31层),近地铁南北通透
世茂江滨花园毛坯大五房 房东急需资金周转 现急卖,460,17749元/m²,5室2厅,259m²,低层(共33层),近地铁南北通透
专做文海 景冉佳园新上房源 无户口无按揭 诚心出售 随时看房,168,27491元/m²,2室2厅,61m²,中层(共33层),近地铁南北通透交通便利
钱塘新区 琅琴湾大三房 满两年送车位 诚心出售 看房方便,200,22235元/m²,3室2厅,89m²,高层(共33层),
保利东湾  大四房  户型方正  采光好  房东急用钱 诚售,335,24548元/m²,4室2厅,136m²,高层(共34层),三房朝南南北通透景观房
东湾精装45万纯东边套！楼层好 多阳台！附加车位！采光好 急,350,25185元/m²,3室2厅,138m²,低层(共34层),送车位拎包入住品质小区
层高5.6米跃层双阳台精装修，拎包入住杭州下沙，总价低,113,11649元/m²,2室2厅,97m²,低层(共33层),跃层式送家电拎包入住
义蓬名苑，低市场价，品质小区，精装家电，产证齐全，可落户上学,57,7917元/m²,3室2厅,72m²,中层(共16层),送车位采光好配套成熟
双阳台！双阳台!精装修大两房 楼层好 户型方正 点击详情！！,225,27655元/m²,2室2厅,81m²,中层(共34层),客厅朝南配套成熟品质小区
东岸嘉园三区 精装小两房可看到金沙湖 紧邻龙湖天街 满两年,218,37470元/m²,2室1厅,58m²,中层(共18层),近地铁配套成熟低密度
湖左岸精装修跃层三房两卫，空调，三房朝南，拎包入住,380,42745元/m²,3室2厅,88m²,低层(共25层),近地铁南北通透
龙湖二期二楼洋房 带超大露台，南北对通，三房朝南，随时可看房,650,36280元/m²,4室2厅,179m²,低层(共7层),南北通透
东部之星 下沙文泽文海双地铁口 全杭地铁口低单价 准现房,100,17241元/m²,3室2厅,58m²,低层(共25层),南北通透
标题,价格,均价,房子大小,总面积,楼层,优点
东岸嘉园三区 精装小两房可看到金沙湖 紧邻龙湖天街 满两年,218,37470元/m²,2室1厅,58m²,中层(共18层),近地铁配套成熟低密度
湖左岸精装修跃层三房两卫，空调，三房朝南，拎包入住,380,42745元/m²,3室2厅,88m²,低层(共25层),近地铁南北通透
龙湖二期二楼洋房 带超大露台，南北对通，三房朝南，随时可看房,650,36280元/m²,4室2厅,179m²,低层(共7层),南北通透
东部之星 下沙文泽文海双地铁口 全杭地铁口低单价 准现房,100,17241元/m²,3室2厅,58m²,低层(共25层),南北通透
江语海！20万精装修！家具家电全部赠送！诚心出售！,190,33862元/m²,2室2厅,56m²,中层(共33层),近地铁交通便利品质小区
中外公寓 新出自住精装三房，南北通透，楼层采光好，诚心出售,380,34545元/m²,3室2厅,110m²,中层(共32层),近地铁素质住户繁华地段
观澜时代云邸4房，豪装200万，4阳台全线江景房，拎包入住！,680,25722元/m²,4室2厅,264m²,中层(共36层),大平层环境优美品质小区
钱江新区豪装大两房 厅带阳台户型周正 温馨舒适  中高楼层！,85,13710元/m²,2室2厅,62m²,高层(共19层),小户型交通便利素质住户
世茂三期 客厅带阳台 交通便利 配套齐全 诚心出售,195,22134元/m²,2室2厅,88m²,低层(共33层),近地铁南北通透环境优美
无需社保丨外地人可买丨不限购限贷丨近学校丨首付18万丨精装修,50.5,17657元/m²,1室1厅,28m²,中层(共12层),南北通透近地铁次新小区
景冉佳园 自住精装修15万 两房 房东诚心出售 预约看房,175,27620元/m²,2室2厅,63m²,低层(共33层),近地铁
和达城 1室1厅 精装 拎包入住 交通便利 商城连接地铁口,70,15909元/m²,1室1厅,44m²,高层(共30层),近地铁配套成熟品质小区
好房推荐！铭和苑 夹边套精装90方185万南北通透 全明户型,185,20417元/m²,2室2厅,90m²,高层(共13层),近地铁素质住户繁华地段
地铁口精装3房，首付15万，月供2500，送产权车位，可小刀,69.3,8329元/m²,3室2厅,83m²,中层(共12层),南北通透近地铁品质小区
全明户型 一线江景房 多房朝南 周边配套齐全 东南亚风情小区,265,29685元/m²,3室2厅,89m²,中层(共29层),近地铁配套成熟繁华地段
张大哥和妻子出国移民！现底价转让！速速联系！我有钥匙！随时看,70,7906元/m²,3室2厅,88m²,高层(共11层),安全性高繁华地段品质小区
琅琴湾 包车位 满2年 200万,200,22653元/m²,3室2厅,88m²,中层(共32层),
金沙湖地铁口大四房 东边套小区位置 买到就是赚到,430,34187元/m²,4室2厅,125m²,中层(共12层),近地铁南北通透
高沙双地铁口400米，精装两房总价低，首付3成，诚售随时看,168,28009元/m²,2室1厅,59m²,中层(共25层),近地铁客厅朝南南北通透
诚心出售，外地人可买，无税精装修，三开间朝南，地铁口旁边,57.6,7641元/m²,2室2厅,75m²,中层(共18层),南北通透拎包入住近地铁
浩泽园  稀有好房 精致清爽 户型方正 全明采光 高层无遮挡,220,24603元/m²,2室2厅,89m²,高层(共33层),近地铁安全性高繁华地段
保利东湾精装2房，一线江景房 全明户型 西边套 视野无敌！,215,23998元/m²,3室2厅,89m²,高层(共32层),配套成熟环境优美品质小区
龙湖滟澜山 三房两厅两卫 客厅朝南 主卧朝南 送车位,400,31390元/m²,3室2厅,127m²,中层(共28层),近地铁配套成熟品质小区
世茂广场，地铁口的精装公馆，家电家具全送，可拎包入住房东自住,68,12830元/m²,1室1厅,53m²,低层(共33层),南北通透小户型拎包入住
你基本上找不到这么大的四房 如你是刚需 那你快联系我 就一套,77,7858元/m²,4室2厅,97m²,中层(共13层),配套成熟交通便利繁华地段
铭和苑楼层，南北通透，清爽的装修可以直接拎包入住，诚心卖,189,21308元/m²,2室2厅,88m²,低层(共18层),南北通透
铭和苑新上边套，看房方便，诚心出售，有车位，配套齐全,200,23052元/m²,3室1厅,86m²,高层(共16层),近地铁配套成熟交通便利
东郡之星 精装小两房 全明户型 采光好 房东诚心出售,155,22331元/m²,2室2厅,69m²,低层(共31层),配套成熟繁华地段品质小区
湖景居！新出好房！金沙湖畔！精装修50万房东全送！还在等什么,284,31871元/m²,2室2厅,89m²,中层(共18层),近地铁繁华地段品质小区
湖景居 一线景观房 刚需二房 精装修拎包入住 楼层好户型方正,280,33109元/m²,2室2厅,84m²,高层(共18层),近地铁配套成熟环境优美
大学城北 纯边套119方改善户型 精装修40万 中央空调,300,25126元/m²,3室2厅,119m²,中层(共32层),南北通透交通便利品质小区
碧桂园 温馨自住装修三房 景观房 南北通透 采光佳 拎包入住,200,22449元/m²,3室2厅,89m²,中层(共30层),南北通透配套成熟交通便利
杭州碧桂园 品质装修 上市物业 全明户型 一线江景房 采光好,355,20761元/m²,4室2厅,170m²,低层(共31层),南北通透
晨光国际 精装跃层 三房两卫 靠近地铁江滨站 空置有钥匙看房,310,36000元/m²,3室2厅,86m²,中层(共34层),近地铁南北通透
龙湖滟澜山三期新上毛坯三房南北通透中间楼层房东诚心出售,285,32564元/m²,3室2厅,87m²,中层(共21层),近地铁繁华地段品质小区
四季风景苑 精装四房 大露台 江景房 房东诚心出售,420,24654元/m²,4室2厅,170m²,高层(共29层),近地铁近学校南北通透
保利新上好房 精装修4房 满5年 看房方便 领包入住,355,28063元/m²,4室2厅,126m²,低层(共18层),南北通透
无需社保丨可议价丨70年住宅丨外地人可买丨无税精装丨可落户丨,75.6,9450元/m²,2室2厅,80m²,低层(共32层),南北通透送车位品质小区
价格调整！降10万！送装修15万！高品质小区！空置中随时看！,257,19232元/m²,3室2厅,133m²,低层(共33层),近地铁近学校南北通透
东海柠檬郡 一线江景房 精装修自住三房 房东置换急售,220,24705元/m²,3室2厅,89m²,中层(共26层),近地铁主卧朝南繁华地段
可议价20万|无需S保可上学|产证齐全带车库|无税|配套成熟,86,10118元/m²,3室2厅,85m²,高层(共15层),南北通透一梯两户交通便利
东郡之星 东边套 客厅带大阳台三房两卫 毛坯 房东急售有车位,215,23953元/m²,3室2厅,89m²,高层(共32层),南北通透配套成熟交通便利
新上多蓝水岸三房两厅两卫 楼层适中 纯东边套江景房房东诚心卖,300,20896元/m²,3室2厅,143m²,高层(共11层),近地铁南北通透拎包入住
首付5万无税精装修小户型 赠送车位赠送22平 通燃气价格可谈,14.9,14890元/m²,1室1厅,10m²,中层(共15层),近地铁配套成熟品质小区
捡漏的来丨房东生意失败丨低于市场价丨只售三天丨立马涨价丨电联,65,9028元/m²,2室2厅,72m²,高层(共12层),南北通透配套成熟环境优美
首付25万起可落户上学。7号线地铁口，小区拥有优越环境,120,10491元/m²,3室2厅,114m²,高层(共17层),
新上文泽地 铁口两房户型 送超 大露台 东边套全明户型 急卖,186,21818元/m²,2室2厅,85m²,低层(共11层),近地铁近学校繁华地段
东郡国际新出精装修大两房 非常诚心卖 价格可谈 看房方便,185,27190元/m²,2室2厅,68m²,中层(共30层),
70年产权住宅丨可落户上学丨无需社保丨品质小区配套成熟丨急售,79.7,12651元/m²,3室2厅,63m²,高层(共17层),南北通透环境优美繁华地段
业主姐 姐动手术急需30万，姐弟情深赠送15拓展面积！急售,75,12097元/m²,2室2厅,62m²,中层(共15层),近地铁配套成熟品质小区
精装两房，距文泽地铁500米，70年产权住宅北面大学林立,71,16136元/m²,2室2厅,44m²,中层(共23层),送家电送车位近地铁
保利湾天地 3房3卫户型 业主急售 低于市场价20w 钥匙,155,13025元/m²,3室3厅,119m²,低层(共33层),
70年产权住宅！无需社保！外地人可买！精装两居！可落户上学！,56,10980元/m²,2室2厅,51m²,共5层,近地铁配套成熟繁华地段
房东贱卖 低于市场价20万 刚需投咨来 户型采光好 得房率高,51,10200元/m²,2室2厅,50m²,高层(共18层),近地铁近学校采光好
保利东湾 93方三房两厅两卫 满五年 急用钱 只要228万！,228,24516元/m²,3室2厅,93m²,中层(共33层),配套成熟交通便利繁华地段
投姿自住皆宜！无需社保！总价低！首付15万！捡漏！出门地铁口,29,7838元/m²,2室1厅,37m²,中层(共18层),南北通透
实地拍摄|70年产权住宅|无需射保可买|随时看房|欢迎咨询|,61,10101元/m²,2室2厅,60m²,中层(共11层),南北通透房型正视野好
近地铁 70年产权住宅 不限购不限贷 可落户上学，精装送车位,79.2,20391元/m²,2室2厅,38m²,中层(共19层),近地铁送车位品质小区
地铁口300米 房东包税急售托管 不限购民用水电 产证齐全,63,16579元/m²,2室2厅,38m²,中层(共22层),南北通透近地铁配套成熟
首付12万，外地人可买可落户，可贷款，可上学，送家电，精装房,48,9600元/m²,2室2厅,50m²,中层(共14层),近地铁配套成熟繁华地段
